t0
12.602175775090512 7.0160328977750375 
19.52666620835677 14.032056770215014 
13.547720708240611 3.632556629251329 
5.592489765240291 7.715044876780588 
11.89905595687142 11.574727101312838 
0.6709977986200677 2.860701209006964 
9.793191984207104 0.032803384552668735 
13.571080045406536 10.089496325324221 
10.039344219563205 17.970622861611744 
5.2356158304323674 15.054243841013722 
19.374243724227142 4.290241933969692 
2.752992282438582 5.596682703075677 
0.4759460925959491 4.298221800997255 
6.740294592520193 10.626353404624096 
11.873576716977565 8.223498031001391 
19.69752064503962 12.575421364426607 
3.8072249325721663 17.427439308873137 
9.841201473514845 10.997328837736248 
16.75074062650702 12.043527854429357 
1.744831291765736 19.759974625999536 
0.3545713604619305 4.091973090313601 
12.406224004722583 12.952881170793571 
19.475659714216494 3.811284035382745 
17.36152604507503 8.67889026241741 
15.019631519906294 8.913502222870886 
8.848005731359327 4.078546474385036 
17.62753331067343 12.2164516700435 
12.043093405210847 7.607371236033087 
5.590924335870559 16.633628200688474 
19.42869175621048 17.948536441778558 
15.005789635396983 4.497786234487595 
6.56868330319077 16.654097827104046 
19.173497475516704 12.803709966848327 
9.98049485983457 10.172669428126316 
11.160611366853527 5.132740527977024 
14.01024454096661 8.174034493811007 
16.967431793213684 11.988699679810653 
15.099513474113921 19.88450520493284 
6.008221411943713 4.998624618563545 
1.092854615381218 3.3877918940179663 
11.47915578035633 9.628929080477096 
5.89488502328382 2.0846077124427675 
0.5377791053331449 5.350796514426839 
15.033010181761771 16.122063842924167 
15.809664730422 9.829327059417407 
4.393014233916679 2.090820889854601 
10.623633933443553 6.138632070805263 
13.694812434950723 4.765531601974551 
17.5689874333692 2.067789260804509 
5.358832555048041 14.878487976535252 
12.251642047841251 6.529001322919803 
19.657227300117025 4.45745157158753 
2.5734243714536076 13.493358383042748 
1.1244544893514252 1.712988934293258 
9.364936913213132 18.553568891186323 
14.525809204377687 19.556402338896948 
9.67068948351761 17.426495780953374 
3.7760053382825998 12.040625365482988 
19.720207640972905 6.555360156491695 
2.239714140161797 5.829818075100366 
7.7087979952884105 6.761643268161828 
12.706735730611932 9.118227566515472 
16.027265026102043 7.931770074720481 
17.35642828290834 5.475883455658275 
8.099569092233764 2.9818959375541443 
0.8865654880038876 15.204121599412652 
18.591257115702554 16.48420861852468 
15.005315493311386 4.3564446053062404 
18.493179373395073 9.923804913463544 
9.246455875263296 0.9542647163237428 
15.98119032417075 8.62653069953902 
10.12005420692592 7.050280625854022 
19.157452832419082 6.891866649090299 
6.00345363608453 9.885221587673962 
0.26028298192452226 5.146478360076192 
9.590187366301139 2.039156526611492 
15.671460231015233 14.116790293020397 
10.004149036485062 8.32788525283455 
1.233768675718394 3.744360743672537 
8.970962150288022 19.495315535290064 
2.92255513368866 5.866421543554976 
19.597922610467393 10.069479011643143 
9.93921393311882 6.970443868030786 
11.230156470545223 11.941323016414811 
15.15213684413072 14.798145174483553 
13.72458011358427 0.6702243230529059 
11.404753705546023 5.620217071595386 
16.69764986744285 6.59161954424532 
16.63202414707664 11.593627256466783 
5.919050610672563 8.088639285932935 
3.700440258546691 13.080767215994877 
15.769310297150223 9.313299970024891 
0.423421373049615 8.048703602462785 
2.376694529788257 18.775461728233793 
13.39908502240509 10.057753506524897 
17.036270812178422 14.259743932442069 
1.4990621278515825 17.07953490127878 
15.515562329406894 12.332613607946515 
15.734668436698628 11.623814628786885 
11.019256681274957 16.414435625744844 
