17 70 1 
4 23 32 36 44 98 52 100 
30 52 96 35 67 49 85 
78 88 9 
5 13 33 66 93 90 
18 81 89 
86 61 76 73 92 42 53 75 
4 14 23 32 69 52 74 
7 47 61 58 76 92 
30 52 71 35 67 49 85 
5 13 33 59 66 90 
23 44 100 30 71 96 35 67 69 
14 15 39 23 44 79 95 
47 65 58 31 50 61 76 87 
39 43 97 10 19 51 68 
27 28 34 63 
48 15 
40 56 62 
1 37 98 99 36 
60 56 62 
32 36 23 44 69 56 62 
8 17 1 
16 28 87 34 
30 49 71 31 50 96 
7 47 65 
55 88 9 82 
26 37 63 99 
16 27 28 87 35 67 
29 31 50 76 7 47 92 65 86 

22 42 53 29 86 73 91 
31 49 87 61 76 7 47 85 
7 31 65 58 50 61 76 87 
22 54 53 42 75 
57 72 79 95 97 
12 77 45 64 83 
29 42 92 75 86 
11 37 98 26 84 63 
19 51 68 10 
11 99 26 84 45 64 
55 78 9 82 
83 12 80 
51 68 10 2 21 
30 85 31 50 71 96 
5 13 33 59 93 90 
9 41 54 5 33 13 
77 12 80 
84 63 37 99 
50 87 61 76 7 47 49 85 
24 6 
2 43 19 21 51 68 
41 22 91 13 94 
24 25 82 
43 46 81 57 72 
40 56 60 4 32 
91 53 42 75 54 
29 42 53 75 61 76 73 92 
5 59 66 93 90 33 41 54 94 
11 36 69 99 100 
4 14 44 69 52 32 74 
71 96 35 67 49 85 52 
46 
19 21 68 10 2 
33 13 59 66 93 9 41 82 94 
19 21 51 10 2 
80 45 64 77 83 
43 72 38 81 89 97 
41 94 82 5 33 55 78 88 
16 27 87 34 
12 64 37 80 
2 39 43 79 95 57 72 38 
27 28 31 34 50 7 47 
40 62 4 32 60 
9 78 5 33 6 88 
26 16 84 99 
74 23 44 79 95 15 39 
14 39 74 79 38 97 
14 39 74 95 38 97 
30 67 34 52 71 96 100 
1 4 32 11 69 98 
43 46 89 57 72 
52 69 98 35 67 
22 42 75 29 86 91 
29 61 73 76 86 65 
29 31 50 61 7 47 92 65 86 
8 70 1 
9 94 54 5 33 13 
22 75 29 86 73 53 91 
13 59 66 93 
36 11 8 17 70 
4 36 23 44 69 56 62 
39 14 74 20 48 
2 15 14 74 97 79 95 
20 15 
43 57 38 81 89 97 
30 35 52 34 71 96 100 
25 6 
2 10 97 81 89 57 72 
5 9 13 59 66 93 41 82 94 
12 45 37 80 
