t0
12.694538586305342 0.5443401684397919 1.9505004179025671 
0.05018259380539236 11.562922942548301 3.7790768196456175 
1.030673378574407 4.921301672360361 1.671837389278641 
14.113021696385168 4.416618234087714 0.3594123171968003 
19.596184667523737 4.198210081752622 3.18587351958037 
1.3712575179190045 1.9160158142041595 0.25896816053821337 
0.04889402360846118 13.840480431455957 0.3375982441964727 
11.514966789096995 16.896533423913105 0.23969880914700947 
2.6517308211945134 3.1401428509221896 0.6179746780748143 
13.545923901495913 18.06723888748126 1.6420771901218776 
9.32367859125561 7.1628211789800815 6.067490889694676 
7.830115216427991 2.0996711006446023 1.1445236808752637 
15.503732557418315 15.685601514933884 5.241641268142083 
12.281176571400508 5.57850042113647 1.5260106593618161 
8.349002131091313 7.6334340955411335 0.897412052029053 
19.47153918956264 19.774750616891634 6.111615277676689 
12.24894379818933 6.4849145137524955 2.172850542160829 
2.332895533312156 9.491199834189445 3.40059299705125 
7.384173568442753 14.731219792447483 2.7832413589457565 
2.0949615177065617 0.5641389673828212 3.6347563978067283 
14.441968631279519 14.226450981422424 5.741612302764658 
19.044779611849606 8.407246005015715 3.76360927750315 
0.6838815362914197 17.212824620987806 5.675521145335371 
12.57867167112626 2.574833914152168 4.3326871451429 
16.171808077176607 19.232858533762748 2.439583723457763 
17.725074078585845 8.121531598827199 2.6862915051520457 
9.75361744552649 16.489138275286223 0.9229821882025144 
17.485643077705422 12.81025679174892 5.606860890087124 
3.6071029853699765 19.961464444123376 3.643014138221134 
6.590293997645185 15.725008766403736 5.412223178909088 
11.656555105209325 9.128967720702425 5.990183933314759 
14.97927501749099 11.0666614414405 5.502133097200081 
12.878123856355144 18.673430268088694 5.506587674807723 
19.932736283483155 18.40650440100803 3.8549406558353825 
7.79823567728781 8.366437614967992 3.5136261150896853 
2.9982513607837546 6.941366363075463 3.3237811475856955 
12.776545163460895 18.995434326913998 0.999513949037463 
1.4487533559460064 0.2980332216148196 4.419983139988023 
1.4934363506172121 2.026757083958972 5.407264080599654 
15.701491570404508 16.896462996552884 0.28366768731090836 
8.534058182209108 15.866077576603425 1.2025513536642438 
3.0198934951759737 19.995047258162504 6.112590097724028 
7.768004378022832 5.75346225462305 3.3996560080468603 
9.38049067328513 6.1208984491813645 3.080534718003748 
11.339599796495033 9.666330361690347 2.855641327935249 
12.951509177006127 15.665088373637095 3.1481624273725703 
8.967267781540254 19.867462952959983 3.0000035135677905 
13.653567690366435 3.349370211503939 5.166089959005422 
7.988757425533175 12.831702006371088 5.629165584915534 
13.819212621804715 14.077901361298581 1.1739270693092474 
19.914273135445548 19.179073678134426 0.9552015417985359 
7.065555761748645 10.662028679355336 1.4633514153560512 
6.5611904721497005 8.452837836021285 1.6857141183470032 
3.668478271464315 6.49122481803208 5.601404581846747 
5.093931733340296 9.419025686550208 4.415658153123778 
4.8890841899945965 4.623995209841068 4.025952551009419 
7.620826937115234 7.051589812030114 4.689871603198195 
6.295706925487168 0.257850458065092 1.2032952348370902 
13.045817972619496 14.472473326572512 4.736061362009801 
9.950552273371594 8.305880051577022 3.2979492925650598 
19.597197099055297 14.219369798624976 0.14908104458168456 
11.906765820008099 15.098420710594722 4.878059650324594 
0.7213452412930788 19.645352680789987 0.00627603652704622 
7.579744515448558 8.062739179188195 6.238249722081122 
1.961341999190671 19.237571402203848 1.6902736870178012 
9.32469224682735 11.160849401994628 1.9825400129323583 
15.387153966107439 7.694114908169832 5.187627216032819 
4.034211498807487 11.584220760880939 4.68632670372717 
5.710971735172277 13.065963245105428 1.8914800312452997 
15.958831370646427 14.508607967776877 3.436697454141162 
11.174022154919111 15.24137728168655 5.521281589870974 
3.7165092949518974 16.198767505022822 2.267012957096962 
3.97172440826284 17.134738823647485 2.9228151074278843 
15.966478930837445 2.8766532093424635 3.233746743873692 
6.655467449519723 15.720039456974293 0.4836602100340856 
10.506855091470477 10.839261600916497 3.2630371464016203 
17.41872552049819 17.588054922089412 3.016039593165137 
12.427529483426895 13.60228932130784 2.4299445196627234 
17.31843186003695 5.658234547499143 4.545350195338371 
14.604706548782138 14.578989905692936 1.555708576187159 
13.477413972156524 2.6385903641130337 3.7134696820468758 
3.946947060823207 3.3598369213626222 1.9233356212350354 
19.4635306851806 10.005392941193437 4.743825215057468 
11.017217816969627 10.909108607763176 4.752962759906307 
1.6955058528257272 17.35617592726392 1.299894392976798 
11.3551328447876 16.339380484154194 2.681541772215863 
12.044675333309804 14.794837041758754 5.449863434977918 
7.0286524538353445 10.266532353279203 4.682406091156243 
15.913544070381588 11.900674092090238 5.232024234298046 
8.255904374246999 9.872870047830794 2.3336804831181586 
6.473232707362351 6.696288668207513 3.067218173880059 
17.532175716257154 18.936728293919234 3.9946337858413616 
10.452119227045964 14.93443916095121 0.9653829589713121 
8.253310022081786 19.726919375014283 4.952928118002919 
5.1383705252526735 2.322743661033062 4.362130848926881 
0.9905744685269591 4.677518754406154 2.8354624955161425 
1.1668784746717664 9.316948326295577 0.7563275041626357 
10.31908532877666 15.358698977624055 0.6395543382588138 
13.235567423497962 9.917840073177945 0.3089245870561915 
18.355070873762465 16.184929886215723 1.3247684103301376 
