0.047351025
0.047351025
0.33456793
0.592001
0.68046784
0.7711119
0.8135153
0.84683985
0.87109375
0.88512063
0.9023448
0.9111628
0.9279826
0.9333339
0.93819076
0.94590414
0.9490324
0.9539095
0.9551849
0.9565399
0.9584562
0.9648165
0.96785265
0.9697192
0.9720795
0.97263885
0.9745769
0.97343177
0.9746405
0.9778996
0.9750015
0.97618955
0.9795489
0.9771548
0.97749007
0.97750264
0.976983
0.9789871
0.9795201
0.976613
0.97830087
0.97805864
0.9772843
0.97767824
0.97649884
0.98022217
0.97812676
0.9787662
0.9794487
0.97930586
0.97973824
0.97854704
0.97755677
0.9802559
0.9785737
0.97990644
0.97962755
0.9799142
0.97754186
0.9788894
0.9783039
0.9785554
0.9781627
0.97989374
0.97776526
0.98070127
0.9786601
0.9780033
0.9783243
0.97695386
0.97935575
0.9787632
0.97891945
0.9793763
0.97977304
0.97898346
0.9791677
0.9792576
0.97895074
0.9775616
0.97983927
0.97997904
0.9793613
0.9790227
0.9780826
0.98123026
0.97950447
0.9795791
0.9791257
0.97819525
0.97737765
0.9792491
0.9786856
0.9781113
0.97907674
0.98064893
0.98142236
0.97945106
0.97836876
0.9800357
0.9812469
0.97974503
0.9791745
0.97983384
0.97940475
0.9802728
0.9804748
0.97904205
0.979323
0.9784296
0.9823868
0.9789127
0.9792661
0.97935677
0.9783993
0.9788997
0.97963595
0.9798834
0.9791883
0.9773206
0.9803238
0.9796417
0.9791594
0.9810865
0.97872496
0.97839475
0.97957265
0.9796135
0.9785609
0.98148483
0.97884005
0.97864854
0.978637
0.9810957
0.9791074
0.9787867
0.97869873
0.9791865
0.97832847
0.9813884
0.98093724
0.97984064
0.97831017
0.97972894
0.97825944
0.97904336
0.9779224
0.97934556
0.9787781
0.97959465
0.9796034
0.97872144
0.9799017
0.9794811
0.97993684
0.9798663
0.97780234
0.9781301
0.9795872
0.9786074
0.9776788
0.9814654
0.98208064
0.98055655
0.9801308
0.9774475
0.97781664
0.97937745
0.97975785
0.9787456
0.979209
0.9785851
0.9783314
0.98003113
0.97986674
0.97965086
0.9799551
0.978732
0.9798481
0.9770203
0.98026353
0.9793311
0.9790564
0.97880906
0.9795179
0.9803656
0.9803465
0.9786034
0.97900254
0.9781206
0.9803131
0.9798773
0.9800317
0.9783661
0.97987264
0.9790309
0.978297
0.97728777
0.97933394
0.9814533
0.9780929
0.97928995
0.9793181
0.97976446
0.98033583
0.9795692
0.97899336
0.97864646
0.97910094
0.9782104
0.9784198
0.97914076
0.98061216
0.9790181
0.9798898
0.9792175
0.97840875
0.9796917
0.9774359
0.9791698
0.97885317
0.9792236
0.9792036
0.9796143
0.9789703
0.9790613
0.9789177
0.9793015
0.979927
0.97987884
0.97788835
0.9792089
0.9781248
0.9781229
0.9794617
0.97920054
0.9796205
0.98042643
0.9783262
0.97899294
0.9778963
0.9771461
0.97929186
0.98033834
0.9793112
0.98012024
0.9790533
0.98057824
0.9792998
0.9788382
