0.08757125
0.08757125
0.49451572
0.60823447
0.679552
0.7274813
0.7812508
0.8240193
0.8404209
0.8792169
0.8905778
0.9011851
0.90826094
0.93624854
0.9297534
0.94210315
0.9479196
0.9472834
0.95382327
0.95918566
0.9573882
0.9633782
0.96363866
0.9626335
0.97162634
0.97175086
0.97086793
0.9674355
0.97092664
0.97282946
0.9750672
0.971535
0.97821397
0.97565156
0.9751223
0.9787093
0.97257674
0.9727238
0.97505045
0.97553253
0.9779044
0.9774554
0.9757935
0.9783906
0.97663695
0.9764303
0.9797318
0.98000824
0.97935563
0.97827613
0.9787571
0.97921735
0.98017806
0.97837096
0.98114514
0.9755818
0.977677
0.9775345
0.9786184
0.97605455
0.9807413
0.9788669
0.97900313
0.9798336
0.97765183
0.9792551
0.97866255
0.98126584
0.97777057
0.97860193
0.9797551
0.97778696
0.97931635
0.98041826
0.9773202
0.9766235
0.9800025
0.9762606
0.97704893
0.97960013
0.9754441
0.9800527
0.97774243
0.97792405
0.97807366
0.97903544
0.97837996
0.9783026
0.97875017
0.97773534
0.9791201
0.9805596
0.9791331
0.9774625
0.9787881
0.9773754
0.9783199
0.9781568
0.9754673
0.9787297
0.97757643
0.97739404
0.9790388
0.9788194
0.9764764
0.9792909
0.978495
0.9774716
0.98096496
0.977986
0.9790914
0.97746706
0.9770971
0.9793608
0.97747535
0.97944444
0.9790211
0.97981864
0.98055357
0.97819847
0.98047656
0.977789
0.9773545
0.9798447
0.97860396
0.97911155
0.977793
0.9774964
0.9749922
0.9752954
0.9784805
0.9771831
0.98052025
0.9816922
0.97997934
0.9783363
0.9785835
0.97889525
0.97908705
0.9779335
0.9793685
0.9788195
0.97579175
0.9812429
0.9813903
0.9764625
0.9814649
0.977769
0.97732157
0.9785287
0.97970337
0.97943926
0.9748988
0.9771897
0.9768269
0.9784307
0.97947764
0.9768875
0.97799665
0.97780395
0.97953826
0.9772552
0.98030734
0.9795803
0.97648674
0.980441
0.97860855
0.9786683
0.9778483
0.9781982
0.9764116
0.9771671
0.9789821
0.9781115
0.97778404
0.9774696
0.97950685
0.9787173
0.98044825
0.9823018
0.9783603
0.98073065
0.9788246
0.9789812
0.9811155
0.97912544
0.97846633
0.97995317
0.98161453
0.97833914
0.980081
0.97846884
0.97887266
0.97872794
0.978898
0.9767875
0.9793946
0.9822969
0.97746223
0.98174316
0.9798448
0.98002297
0.97726
0.9796584
0.9792935
0.98161584
0.97926164
0.9790861
0.9784633
0.97859406
0.9772329
0.9800311
0.9811778
0.9779953
0.9765069
0.98030394
0.98225975
0.97996897
0.97975594
0.97809774
0.9788788
0.979306
0.9791181
0.97933966
0.980215
0.97790164
0.9781636
0.98071504
0.97752017
0.9805803
0.9798358
0.9788526
0.98025
0.97933054
0.97717303
0.9801612
0.98001695
0.9777606
0.9770249
0.9773812
0.9778122
0.9798709
0.9793317
0.9782228
0.98102045
0.9814408
0.9799489
0.97952306
0.98028135
0.9785358
