0.04223568
0.04223568
0.21939507
0.45786712
0.51871955
0.5995794
0.689757
0.6967314
0.72540265
0.75100476
0.7902698
0.8189415
0.8415772
0.86889
0.8739271
0.8951478
0.9077468
0.9129653
0.9250943
0.9360198
0.93658864
0.94352883
0.9515274
0.9547997
0.9608711
0.9546218
0.9647627
0.96622264
0.9666981
0.96842825
0.97235656
0.97033846
0.9710315
0.97387064
0.9760836
0.9750302
0.9739551
0.97364926
0.97755617
0.9768831
0.97636527
0.97562927
0.9784481
0.97873443
0.9790065
0.9796514
0.9786909
0.97618955
0.9783085
0.9781343
0.9798475
0.97812885
0.9793271
0.9798325
0.98173577
0.97857726
0.980391
0.9800061
0.9785205
0.97937644
0.9787438
0.9780553
0.97822726
0.9797195
0.9792693
0.978007
0.97936463
0.9799543
0.97972554
0.9788654
0.9796481
0.980449
0.9767745
0.97878003
0.97916394
0.9786268
0.97883964
0.98039776
0.97879577
0.978214
0.9801826
0.97735786
0.9782358
0.9810057
0.9801935
0.9782437
0.9793043
0.9797542
0.9797077
0.97829294
0.97851336
0.976912
0.97923535
0.97879213
0.97905314
0.97851807
0.9779712
0.9780419
0.97960055
0.9801731
0.9803703
0.9793429
0.98078656
0.9770632
0.9788044
0.9784314
0.9797434
0.979527
0.9797227
0.97830015
0.97932243
0.9805086
0.9802862
0.97900563
0.9795761
0.97965354
0.9802632
0.9775572
0.9781143
0.9761541
0.98026896
0.9795204
0.9791889
0.9810738
0.97933847
0.9797112
0.9800425
0.98115873
0.97883576
0.98150104
0.97944933
0.97925925
0.97949654
0.97842765
0.979491
0.97916776
0.97894317
0.97947276
0.98019713
0.9796858
0.97918093
0.98064303
0.97679365
0.9788601
0.9787871
0.97858745
0.98188406
0.9795038
0.9791487
0.9784894
0.97809297
0.9788558
0.97913086
0.97823966
0.9791217
0.97987276
0.9783
0.9785358
0.9785126
0.97730154
0.9795803
0.9804863
0.97990054
0.9804353
0.9782803
0.9804378
0.9794997
0.9787858
0.97989815
0.9802178
0.9804814
0.97993904
0.9788681
0.9787677
0.9795378
0.97677124
0.9804363
0.9796467
0.97852325
0.9779601
0.9779352
0.97990054
0.9808368
0.97841126
0.97795296
0.98141265
0.9781727
0.9774529
0.97950715
0.9793811
0.9788172
0.98053896
0.97972536
0.97912586
0.97890145
0.98006845
0.97936076
0.9792875
0.9812563
0.97903454
0.98052126
0.97899556
0.9808861
0.978101
0.97868115
0.9781783
0.9800524
0.98082083
0.97500974
0.97987795
0.97932696
0.97950673
0.98159605
0.9789434
0.9777639
0.9793521
0.9789053
0.9781529
0.9790744
0.9802105
0.9788634
0.97859395
0.9768415
0.9811925
0.9776535
0.97655475
0.97906625
0.97993803
0.98030996
0.97959256
0.98032826
0.98003346
0.97740865
0.97902507
0.97891855
0.9793049
0.97904676
0.97950035
0.980826
0.98077637
0.9794809
0.9797114
0.9761445
0.9770509
0.9790684
0.9787444
0.9812016
0.97947633
0.97780955
0.9802875
