0.106458634
0.106458634
0.44868916
0.4762917
0.55626523
0.6054797
0.65853345
0.7139504
0.75410795
0.7866843
0.8310057
0.8339211
0.8552083
0.8547578
0.8668362
0.88807267
0.895852
0.9255734
0.92409635
0.9396834
0.9435615
0.94204223
0.9544835
0.955865
0.95351815
0.96076506
0.960491
0.9666311
0.9666331
0.9735521
0.97568786
0.9701366
0.9784238
0.97703415
0.9751122
0.9752256
0.9756604
0.9759506
0.9771676
0.9766043
0.9725446
0.97548515
0.9739025
0.9714355
0.97512084
0.9781499
0.9791948
0.97803223
0.97642463
0.9782244
0.97682905
0.9761702
0.9789951
0.97655714
0.9794042
0.9758172
0.97918665
0.9764634
0.9777126
0.98117834
0.97961897
0.9771894
0.98263735
0.9776883
0.9778933
0.98022616
0.9786015
0.97793037
0.97852194
0.9785543
0.9790493
0.97917664
0.97462547
0.97496283
0.97825485
0.97683954
0.978963
0.97848964
0.9780387
0.97752017
0.9814756
0.9817001
0.9780974
0.9768954
0.9810572
0.9771883
0.9775564
0.9786295
0.9803511
0.97794944
0.9771766
0.97402954
0.9821361
0.97984815
0.9786349
0.9796004
0.9776412
0.9791421
0.9781041
0.9731239
0.973913
0.97591776
0.9762919
0.97715765
0.97738546
0.9787672
0.9744854
0.9786649
0.9706615
0.9739605
0.9800364
0.98000777
0.9791805
0.9774129
0.9805153
0.98357767
0.98144895
0.9721825
0.9800232
0.98172456
0.9806128
0.9790736
0.9792876
0.9742806
0.9778999
0.9774653
0.9783507
0.9765775
0.9776627
0.9765224
0.97943985
0.9796406
0.9787107
0.98216414
0.97995704
0.978513
0.97783846
0.98188627
0.9802554
0.97774696
0.97978103
0.9758932
0.9784388
0.9807148
0.976424
0.98360234
0.97918975
0.9764966
0.98194295
0.97963107
0.97855574
0.97750884
0.97765994
0.9791545
0.9784194
0.979595
0.97923934
0.9817489
0.97976774
0.9809045
0.97730154
0.97963035
0.9770077
0.9739947
0.979908
0.9793093
0.9779258
0.97471255
0.9800417
0.9760923
0.98083466
0.9759176
0.97393614
0.97871995
0.97922534
0.97907656
0.9772041
0.9696796
0.9761627
0.97730035
0.9781004
0.97664714
0.9774055
0.9786993
0.98039573
0.9793547
0.97702825
0.9779115
0.98013204
0.9809808
0.9790306
0.98111266
0.9791796
0.9743337
0.9779755
0.9763652
0.9759687
0.97799516
0.9818391
0.9768952
0.97158897
0.9746039
0.97805434
0.9810492
0.97782415
0.97695875
0.98198533
0.9726331
0.97670054
0.97698265
0.9809587
0.9796653
0.9806322
0.97859895
0.98072755
0.9772712
0.9783167
0.9762307
0.978954
0.98004776
0.9772379
0.9800575
0.9783001
0.9773554
0.9790387
0.97983223
0.97664016
0.9775021
0.974969
0.9749958
0.9744527
0.9778991
0.9809052
0.9788465
0.980664
0.9789859
0.980286
0.9795383
0.9796984
0.97728086
0.9775822
0.980293
0.97945005
0.9832764
0.9806744
0.9769564
0.9759186
0.97725266
0.97802323
0.97782356
