0.048799343
0.048799343
0.25965917
0.34090164
0.4634104
0.5987991
0.65121996
0.72204775
0.77597696
0.8071338
0.8855706
0.849445
0.8756589
0.89134276
0.89494014
0.8899904
0.90268135
0.8745046
0.8594986
0.89616805
0.890333
0.882804
0.8819816
0.8842314
0.8875596
0.891239
0.8942858
0.9209695
0.9020999
0.89264876
0.89735466
0.89125705
0.88339585
0.9039785
0.8830627
0.88976824
0.8758569
0.9039267
0.90531385
0.8981897
0.9006806
0.9044104
0.908093
0.89186335
0.8983815
0.8906529
0.89155394
0.8931347
0.8895469
0.9011013
0.900243
0.89015126
0.888812
0.8874425
0.9105593
0.8852365
0.8997768
0.89278334
0.8982219
0.8993854
0.9038916
0.9050284
0.8968317
0.88673735
0.8818968
0.8864133
0.8885419
0.89114743
0.8930185
0.8905299
0.90463805
0.9009367
0.87363684
0.88172907
0.88426864
0.9045618
0.9007271
0.895581
0.89673585
0.88987577
0.9018409
0.89426666
0.87193817
0.89176613
0.8799086
0.89296556
0.87867785
0.8943223
0.87829435
0.8957809
0.89104706
0.88446665
0.9148824
0.894907
0.882867
0.90217733
0.9047107
0.9069777
0.9135606
0.9151347
0.89384574
0.88394064
0.9053076
0.896921
0.8953492
0.89916146
0.89796185
0.9057418
0.9073111
0.8955065
0.890749
0.8942791
0.89052224
0.90678924
0.8840559
0.88681036
0.8972037
0.9020136
0.905583
0.9074141
0.91405815
0.9059025
0.8960749
0.9062675
0.90355474
0.9026797
0.8963594
0.8996099
0.90392137
0.9075995
0.9075113
0.89203215
0.9016525
0.90442014
0.9044391
0.8978405
0.884431
0.90844464
0.8946247
0.9054374
0.9113175
0.90749115
0.9033615
0.8991703
0.9041637
0.9089241
0.910222
0.91147524
0.90251917
0.9041736
0.8906828
0.88739777
0.8913877
0.9045702
0.88955635
0.8984054
0.90644056
0.911574
0.88579094
0.8963187
0.902543
0.8929301
0.8984399
0.8993043
0.9001271
0.908441
0.9013664
0.90825707
0.88412064
0.91934794
0.89284295
0.90246683
0.89621836
0.9053619
0.898298
0.8893771
0.8919151
0.8831988
0.905353
0.9024427
0.90499395
0.9180466
0.90708214
0.9105159
0.9004789
0.90751535
0.90751237
0.90086263
0.9237211
0.9053501
0.89875
0.8854874
0.9003737
0.8965157
0.8901586
0.896063
0.911735
0.89266807
0.8947467
0.9010118
0.89460886
0.889943
0.90514266
0.90376985
0.8972151
0.8957533
0.90509504
0.9001599
0.9031544
0.9035898
0.9114552
0.909892
0.8906479
0.8996257
0.9074447
0.8886226
0.9036409
0.8973474
0.9084032
0.90412843
0.8981221
0.91114646
0.8967945
0.9196575
0.91245735
0.9024075
0.9032186
0.9159134
0.88610625
0.9069498
0.89003557
0.8885353
0.90536094
0.9230676
0.92144895
0.92619014
0.9156353
0.90860933
0.89290696
0.9277281
0.9032978
0.89294267
0.9141577
0.8986647
0.9032775
0.89389247
0.8982558
0.9060085
0.90492404
0.9106234
