0.08697293
0.08697293
0.5425556
0.7247049
0.8062864
0.8387833
0.8710761
0.88558525
0.8823079
0.88600206
0.8957161
0.8970427
0.89750695
0.9002144
0.89928347
0.89395994
0.91171193
0.89512956
0.8976147
0.8963987
0.8993547
0.9093194
0.8991793
0.9077908
0.90445185
0.9053969
0.90540886
0.8993024
0.9086102
0.9080506
0.9012021
0.91513574
0.90333045
0.9031571
0.9081402
0.8989596
0.90390277
0.9075009
0.9096603
0.90336984
0.9050626
0.90675414
0.9095925
0.9054208
0.9019121
0.9129748
0.90774214
0.9067895
0.90526533
0.9103034
0.9042749
0.91268206
0.9107094
0.9111192
0.9082347
0.90797216
0.9057708
0.8940812
0.8994751
0.9016598
0.9060125
0.906752
0.908452
0.90315783
0.90881735
0.9153742
0.91464514
0.91200805
0.9065372
0.9022007
0.9044454
0.9077041
0.9080538
0.908227
0.90192145
0.9029502
0.90968996
0.90312195
0.91195416
0.9084726
0.90142876
0.90992576
0.9027204
0.9144541
0.907063
0.9103464
0.9077852
0.9132972
0.9083819
0.8977671
0.90721506
0.9071334
0.91576886
0.9060652
0.90726966
0.9035366
0.90919846
0.901777
0.9088345
0.9039905
0.90892565
0.9140879
0.90749687
0.906886
0.9001724
0.90637696
0.90311533
0.9109985
0.91638
0.9134475
0.90764433
0.9100387
0.9094805
0.91398996
0.89952415
0.9116067
0.9055542
0.9042116
0.9050394
0.9067577
0.9101885
0.90595466
0.9104364
0.91127366
0.9114808
0.90530205
0.9069849
0.91315
0.9086968
0.9053085
0.9027375
0.90694064
0.9079037
0.901946
0.90757865
0.9083862
0.9120142
0.9070821
0.8998196
0.91280615
0.90594125
0.91092074
0.90733236
0.9074116
0.9064034
0.9102271
0.90313226
0.9134758
0.90756696
0.9086968
0.90855753
0.9098219
0.90521044
0.90948415
0.9107567
0.90481627
0.90995085
0.9065937
0.90765417
0.91410327
0.9047031
0.9051189
0.91169745
0.90154
0.903186
0.9172071
0.90566504
0.91696966
0.89749557
0.90850854
0.9109121
0.90867555
0.91429406
0.9074823
0.9078096
0.909816
0.90004057
0.9017772
0.906429
0.91301835
0.89960814
0.9075107
0.9143813
0.90410095
0.90887487
0.9083691
0.90966254
0.9142843
0.9065283
0.9045822
0.9116443
0.91322714
0.90319204
0.9074749
0.9023429
0.9010372
0.90688753
0.9109876
0.9011975
0.89741105
0.90109473
0.9016912
0.9110753
0.9027712
0.9051151
0.90417534
0.9042969
0.9025876
0.9080897
0.9026691
0.9061686
0.9109282
0.9141334
0.9108488
0.90263194
0.9099176
0.91051847
0.9124295
0.9106386
0.9078527
0.9038431
0.9132942
0.90214735
0.9117566
0.90925026
0.905176
0.9039906
0.906395
0.90416205
0.9099665
0.90716624
0.90794396
0.90236974
0.9071907
0.9163449
0.904316
0.9012356
0.9122179
0.9069724
0.9115657
0.91020834
0.9057518
0.9067966
0.9044879
0.9123457
0.909239
0.9051479
0.90461946
0.89861274
0.90649813
