0.047769405
0.047769405
0.2299261
0.31534854
0.39370015
0.4859288
0.5169646
0.6178224
0.6551596
0.7129731
0.74248093
0.77835983
0.7967354
0.8130291
0.84446603
0.82854223
0.8491227
0.843326
0.84488076
0.8706479
0.87772226
0.88532877
0.89607465
0.8950338
0.8973744
0.89238244
0.91107917
0.8938577
0.90454847
0.9080004
0.9133562
0.8895825
0.9084766
0.9119953
0.89622885
0.891287
0.8962939
0.914895
0.9037882
0.9007896
0.90652543
0.8983868
0.90625703
0.90115607
0.9159435
0.90418863
0.90185034
0.9081276
0.9032394
0.9022141
0.90190554
0.89776593
0.89374405
0.89269096
0.9003696
0.88980836
0.90435195
0.908461
0.901071
0.91062194
0.8994599
0.90037
0.9095819
0.9083323
0.9001248
0.89807075
0.9089843
0.9075854
0.91478235
0.90956396
0.9107445
0.89105093
0.905485
0.89812934
0.89972967
0.904543
0.9035292
0.90892357
0.89733225
0.8996416
0.90434384
0.9105946
0.8954068
0.9022249
0.90343267
0.9071138
0.89119554
0.9012639
0.8964574
0.89188117
0.8985415
0.8972136
0.90310866
0.9059731
0.90868014
0.90628785
0.9026045
0.88879967
0.9036612
0.9093622
0.90295243
0.8923056
0.8993743
0.89988685
0.90047926
0.9047814
0.9057299
0.89298767
0.9104582
0.89685476
0.901964
0.9089372
0.9067078
0.91120607
0.90710694
0.9035309
0.89229304
0.905751
0.9044464
0.91009974
0.90244067
0.9055114
0.9127221
0.903581
0.9067024
0.9059166
0.8943319
0.9006147
0.8995876
0.89639163
0.90664
0.9082084
0.89878535
0.9083754
0.90021247
0.90803874
0.91049105
0.9052193
0.8958489
0.9019077
0.90868604
0.9101419
0.9077916
0.9106325
0.9059775
0.9120457
0.898144
0.8976557
0.9147928
0.9060947
0.90147537
0.90144944
0.91490954
0.9000666
0.9172827
0.9054658
0.90857816
0.9035185
0.8994276
0.9033091
0.904757
0.90370095
0.9010539
0.9101708
0.9073596
0.91038316
0.8966884
0.90320253
0.9146657
0.90889555
0.901873
0.90814567
0.9017914
0.91231894
0.90293115
0.90433365
0.9033936
0.90367174
0.8981696
0.8988787
0.91001916
0.9108544
0.8939533
0.90966165
0.902519
0.90663725
0.9133566
0.91735464
0.9105053
0.9070931
0.91061544
0.9046506
0.90497
0.89502996
0.8997817
0.90165085
0.89751464
0.9086288
0.9098394
0.90829605
0.9089498
0.9076587
0.90946
0.90706724
0.8945121
0.90360254
0.9090612
0.89906234
0.8941059
0.90873164
0.9033197
0.9132236
0.9064769
0.9174109
0.9155516
0.9163536
0.9085203
0.914774
0.9117541
0.9011269
0.9051437
0.89801544
0.90814537
0.9134018
0.9079184
0.8938225
0.91275924
0.9103782
0.89998186
0.9040952
0.9149942
0.9034811
0.9049382
0.90814996
0.9137809
0.90696806
0.9087683
0.90447265
0.892732
0.9066176
0.9112332
0.9140146
0.9004628
0.9066287
0.9007645
0.90704507
0.90621275
0.9029909
0.913107
0.900034
