0.03971863
0.03971863
0.30211127
0.5280899
0.628174
0.69980586
0.74632025
0.7922264
0.83104044
0.84225416
0.85312104
0.86790365
0.8604719
0.8843393
0.87405723
0.88011533
0.8876979
0.87622285
0.8893807
0.8873511
0.8942026
0.8990404
0.8834738
0.88612694
0.88645
0.8971425
0.89236015
0.8963681
0.8863912
0.8895894
0.9001524
0.8945154
0.9001697
0.8966447
0.90685993
0.90355146
0.909407
0.90771776
0.90598136
0.9123822
0.9136197
0.91358703
0.906774
0.90326375
0.9010791
0.9078506
0.8995986
0.9069529
0.9116965
0.9083145
0.914971
0.9005837
0.8987024
0.90943277
0.9027677
0.90311575
0.9110709
0.90307975
0.9087552
0.9118291
0.9113666
0.91667956
0.9050171
0.90752655
0.90740633
0.90879315
0.91023135
0.9055789
0.91166043
0.8996692
0.9108904
0.9089215
0.901349
0.905196
0.90788215
0.90191466
0.90072095
0.9110092
0.91082764
0.9075942
0.90746003
0.90393716
0.9065925
0.90861356
0.9099806
0.91164875
0.8991318
0.90755546
0.89901114
0.9084644
0.9073584
0.9041263
0.9095871
0.8911438
0.9084206
0.90738595
0.9022954
0.90505105
0.90826917
0.91233784
0.90944487
0.8982881
0.9111226
0.89616996
0.9135643
0.9034551
0.9071543
0.8996401
0.9102029
0.90437776
0.90827996
0.9119628
0.91189766
0.8993736
0.9078129
0.9050944
0.9132146
0.90542483
0.90430635
0.90315825
0.9018232
0.8968601
0.9037906
0.9102933
0.898073
0.9016797
0.91091746
0.90148723
0.90375954
0.9025542
0.90641946
0.9051688
0.9110313
0.902829
0.90741473
0.9007587
0.9089741
0.9141821
0.9098561
0.91299987
0.91408294
0.9054859
0.90447146
0.90560037
0.91405606
0.9091063
0.9047166
0.91238344
0.9113876
0.9031609
0.91720265
0.9141806
0.90793765
0.8991054
0.9061985
0.9044451
0.89809877
0.9050083
0.9085025
0.91152203
0.9004715
0.9059942
0.90525246
0.9085778
0.90049946
0.898707
0.90234935
0.90768796
0.9034385
0.9084018
0.89334685
0.90016276
0.8996879
0.917086
0.90868896
0.9043661
0.90032166
0.902889
0.9079499
0.9039695
0.9075536
0.9046404
0.9068983
0.9061307
0.9083363
0.9096425
0.90659535
0.9089496
0.90080696
0.895491
0.9097513
0.910197
0.9117388
0.9034755
0.90888214
0.9181916
0.91270256
0.9057629
0.90886444
0.9062897
0.91374725
0.9028761
0.8993172
0.9032057
0.9074832
0.9058956
0.9058815
0.9099929
0.9108538
0.9046687
0.9031208
0.90364504
0.90555584
0.90411764
0.90664977
0.90710783
0.90095854
0.90078086
0.901438
0.9005955
0.90469605
0.9025395
0.89740896
0.89810497
0.89544
0.9067209
0.89241403
0.8981299
0.89247775
0.915145
0.9071618
0.9024543
0.91311777
0.91009676
0.9099305
0.898208
0.899374
0.9151817
0.90918916
0.8979541
0.90804076
0.90764314
0.89978933
0.9066676
0.9061992
0.90690327
0.9110827
0.90779084
0.91025585
0.9049478
