0.05850899
0.05850899
0.35364762
0.39521042
0.41250038
0.39580017
0.4413455
0.36064205
0.35967118
0.40608642
0.3796737
0.37653464
0.4084207
0.33183688
0.4736869
0.42769688
0.44987705
0.3881666
0.43522722
0.37702647
0.42810467
0.42659417
0.41207054
0.4421783
0.38432515
0.40410173
0.42352733
0.42466128
0.43522808
0.44319007
0.43582803
0.4037939
0.41113502
0.40244046
0.4362548
0.40496495
0.34405437
0.42048895
0.37564617
0.37858117
0.38671955
0.37084243
0.36207196
0.39774728
0.38317478
0.37802887
0.32251102
0.37083995
0.46151477
0.46474075
0.41164777
0.3863888
0.426304
0.43826526
0.4316196
0.42641094
0.43053496
0.42580163
0.463445
0.43696797
0.43881598
0.3767029
0.433031
0.4376052
0.39038682
0.4416298
0.42457345
0.50763315
0.42784432
0.43450633
0.3884681
0.42106986
0.37118518
0.38276246
0.4110366
0.40101585
0.3952901
0.48583668
0.37415943
0.5111781
0.46091634
0.39141232
0.4275653
0.39797506
0.4662004
0.41283596
0.4543871
0.43788216
0.4025763
0.42329356
0.46062106
0.4239686
0.4640916
0.34436515
0.43235412
0.35636044
0.3700546
0.4474667
0.45429474
0.39375842
0.46001157
0.49189228
0.4327115
0.4376029
0.4614194
0.38359666
0.42383254
0.38175592
0.3616464
0.44013512
0.40332872
0.40506783
0.39698327
0.4304731
0.5118738
0.45234329
0.4748437
0.5235917
0.4017538
0.43778613
0.43518078
0.514765
0.33817083
0.3977603
0.46420845
0.3935152
0.4166774
0.51281935
0.40677634
0.48555928
0.43644917
0.49369037
0.4172604
0.51290095
0.4668872
0.39947632
0.46004173
0.44731033
0.40225065
0.4314314
0.46979716
0.38317162
0.45783192
0.43560085
0.47069684
0.41286656
0.5358227
0.37476462
0.41104054
0.42262536
0.45561412
0.37319553
0.43968496
0.44938198
0.43404827
0.42126262
0.48777404
0.49991432
0.44162858
0.47166255
0.44497475
0.4319901
0.4623237
0.44386116
0.42018524
0.4306084
0.45431685
0.45937216
0.40644348
0.46580046
0.46863887
0.45652786
0.5022323
0.46127826
0.4433701
0.4799159
0.49121398
0.45587808
0.47873425
0.47390544
0.51798826
0.39214027
0.41654286
0.41691884
0.48073518
0.42426148
0.45784047
0.4351284
0.44747502
0.47604352
0.46210614
0.4312225
0.4097103
0.3886697
0.43260312
0.4195472
0.45710236
0.38541836
0.52332026
0.39864662
0.4479624
0.43895328
0.4021891
0.3562661
0.3865824
0.4321559
0.36373413
0.40198308
0.50633
0.46643376
0.4177756
0.40342647
0.3812915
0.42276442
0.43048817
0.45305672
0.4114648
0.46817154
0.44309384
0.43881094
0.43033153
0.43040967
0.46630272
0.41666076
0.46586776
0.37822446
0.4305842
0.37031144
0.34895355
0.37006584
0.35530254
0.42356193
0.44786862
0.5010634
0.43883976
0.4332352
0.45892835
0.50462806
0.4495832
0.43342522
0.4697335
0.43836462
0.41694084
0.3739976
0.41992527
0.46059114
0.4328969
0.38620538
0.39591274
0.42873424
