0.02886052
0.02886052
0.24861346
0.42615426
0.5249898
0.61485195
0.56250256
0.5572759
0.5489586
0.5562306
0.5521238
0.49320194
0.5131491
0.46964064
0.4370598
0.45158595
0.48338708
0.47969767
0.4070591
0.50077456
0.50713134
0.44520137
0.41601664
0.47523612
0.45399317
0.46409404
0.45917344
0.48913896
0.45323238
0.4192071
0.43595886
0.43001562
0.46787384
0.41276693
0.43939117
0.41639757
0.44126663
0.43110636
0.35458973
0.39094037
0.43902466
0.47009042
0.49372137
0.4563641
0.46151292
0.48865917
0.44539317
0.48453704
0.4468088
0.4735592
0.4325561
0.42156756
0.4873992
0.45165706
0.4333646
0.4451261
0.44032678
0.49116364
0.5107855
0.4366435
0.5327022
0.5045639
0.501116
0.49029526
0.47042704
0.38150963
0.4900843
0.4992709
0.49058425
0.47731948
0.47830892
0.48590505
0.487509
0.43290842
0.528631
0.49308142
0.51054704
0.45547745
0.44385448
0.43462393
0.42866683
0.43685955
0.4793232
0.44060653
0.43107727
0.3815404
0.4564671
0.44516978
0.4531707
0.44637442
0.46094996
0.42825454
0.3714237
0.46909744
0.43948305
0.46011785
0.4441804
0.45871288
0.46398625
0.43753132
0.50975645
0.42688274
0.41414753
0.44730335
0.41850305
0.48120248
0.4588908
0.48439544
0.4815918
0.4634641
0.4891183
0.47112128
0.3985845
0.4570729
0.39756745
0.39426795
0.43841058
0.44976398
0.46918753
0.46891707
0.4684123
0.4569656
0.4082426
0.4267423
0.39530325
0.43281683
0.3872354
0.42038533
0.46139622
0.42259362
0.41871983
0.43774176
0.42735946
0.4406394
0.4615136
0.5432007
0.4929032
0.44831878
0.4607778
0.46840522
0.47001123
0.3944521
0.47605783
0.441972
0.46170577
0.39920044
0.4293067
0.43059045
0.43447545
0.43295863
0.4991186
0.4614592
0.46353272
0.43191707
0.4750948
0.4397765
0.44493493
0.5299615
0.43166447
0.444898
0.42707816
0.47493908
0.4528251
0.41085044
0.4322732
0.47067994
0.42904845
0.5053919
0.50446934
0.5522862
0.48247313
0.5016272
0.5098171
0.47906956
0.4754594
0.47246578
0.5434183
0.5185882
0.43204996
0.45686916
0.46839273
0.4240319
0.4904618
0.45571214
0.44126597
0.44208017
0.43428722
0.44384435
0.50389963
0.45822763
0.48151693
0.47350785
0.44247222
0.43775156
0.42800558
0.4477185
0.5204071
0.4606688
0.5017307
0.5087602
0.4204788
0.4621161
0.44679996
0.51291394
0.4795625
0.45998636
0.49383363
0.50548106
0.4980671
0.51858544
0.4996585
0.4837491
0.4865531
0.45698872
0.50803274
0.45442408
0.48840663
0.47370055
0.47463349
0.4591895
0.45770696
0.492403
0.4704117
0.48000494
0.48334518
0.4367033
0.48814824
0.38264832
0.44045272
0.43800247
0.40678054
0.38984898
0.43900222
0.468367
0.43246847
0.48485678
0.45644054
0.42188773
0.41361043
0.38883737
0.4774463
0.45636967
0.47922018
0.47843394
0.49098998
0.4719573
0.45877162
0.43081865
0.4546516
0.43808305
