0.09550661
0.09550661
0.2691577
0.4772297
0.3939017
0.4325849
0.41733128
0.4998943
0.47677323
0.39573655
0.41622743
0.48371658
0.3931796
0.3207392
0.49740165
0.371118
0.44180757
0.45558825
0.35127273
0.42496732
0.53177416
0.40639183
0.43603328
0.4777552
0.4395922
0.3106721
0.4846114
0.34124023
0.48993492
0.42675772
0.42759666
0.47611043
0.3997222
0.48952284
0.4013136
0.41928226
0.4316591
0.49033412
0.41901878
0.39500704
0.3640134
0.42514098
0.47655395
0.479211
0.4151046
0.479869
0.57016397
0.45227683
0.40909985
0.40038052
0.38780895
0.4372679
0.48042798
0.3791989
0.42164707
0.343312
0.417811
0.43243867
0.41500992
0.4290867
0.45696172
0.36847755
0.32155788
0.38497934
0.27793396
0.29973495
0.2814212
0.49310988
0.3743864
0.33430663
0.37832516
0.45640895
0.42567855
0.45114937
0.4735817
0.5031197
0.45736843
0.39780572
0.42985234
0.3644311
0.39098504
0.4182213
0.30595595
0.2519005
0.3305543
0.3378112
0.4647111
0.3818179
0.5269726
0.4264664
0.44396746
0.35784516
0.46100885
0.46425673
0.44896668
0.42713577
0.46520707
0.3870528
0.5208339
0.4130175
0.42237788
0.3289687
0.3080702
0.3837933
0.4096236
0.39019126
0.4934799
0.3081982
0.39903638
0.43087924
0.5219624
0.39018998
0.394647
0.40458283
0.4271637
0.4382721
0.4446693
0.36699986
0.4567704
0.40217274
0.45564818
0.40295428
0.48914096
0.42585346
0.3385987
0.44970265
0.48266727
0.405505
0.5377626
0.43140194
0.42630932
0.45682862
0.40792778
0.43589202
0.5219182
0.44618058
0.46025032
0.47525227
0.44957197
0.36342877
0.3685318
0.4099526
0.44754046
0.39829618
0.40030167
0.2973625
0.4861863
0.44922936
0.4313089
0.4397767
0.44095746
0.48148656
0.3613218
0.43693456
0.40757886
0.4237111
0.3922138
0.35247725
0.39769927
0.42373616
0.37491006
0.36944008
0.35880795
0.40632465
0.4301455
0.44559342
0.44760162
0.37832016
0.40124297
0.36876738
0.3792712
0.39502332
0.3997649
0.39629686
0.34829375
0.39468613
0.37092957
0.41442862
0.49261898
0.33426276
0.40565917
0.31454253
0.47090587
0.43566844
0.45391664
0.4446403
0.4224394
0.45592496
0.36794785
0.4766173
0.268185
0.26945344
0.3067128
0.29244545
0.3061465
0.33671322
0.24720158
0.36706233
0.31333822
0.31178638
0.266366
0.28892562
0.20469613
0.26850325
0.35078132
0.24253547
0.32209766
0.35413018
0.31023958
0.3300971
0.38517556
0.37199917
0.41987607
0.40842122
0.2906299
0.32614833
0.28797323
0.4272182
0.4210627
0.49980098
0.4408098
0.40807155
0.43462574
0.3831399
0.45704308
0.38857368
0.4524172
0.33954751
0.48233032
0.40726155
0.49828675
0.41565374
0.533354
0.5043788
0.5595821
0.41518125
0.44876102
0.39804754
0.4609637
0.3624972
0.41673934
0.32308796
0.33943954
0.3749052
0.36860183
0.34749517
0.41754478
0.41589278
0.29336828
0.3523489
