0.019404322
0.019404322
0.34962845
0.45675248
0.4849593
0.521004
0.50657123
0.48215976
0.47648603
0.48548383
0.431351
0.47155777
0.44922912
0.4905217
0.4600158
0.4852952
0.4643553
0.4820836
0.42040583
0.4712181
0.4703843
0.5072755
0.4485551
0.44805408
0.4350491
0.477551
0.42852595
0.5162652
0.42639676
0.45906568
0.46724522
0.5040291
0.47053948
0.48407006
0.48907495
0.5108339
0.48277116
0.46872413
0.45128015
0.49584952
0.49047795
0.45298102
0.47699925
0.4505521
0.44922042
0.473317
0.47365674
0.4527231
0.43236068
0.4137806
0.43509823
0.4263588
0.47830886
0.40752238
0.44050053
0.43438664
0.42106646
0.43129447
0.43005425
0.48961344
0.42993626
0.46650782
0.4190758
0.43916547
0.45980945
0.48702767
0.4945487
0.4484829
0.42909762
0.4580353
0.46204442
0.4212546
0.4252171
0.4217539
0.4057559
0.46753052
0.4781122
0.49275783
0.4358793
0.48360112
0.45613897
0.4435812
0.4729622
0.44472247
0.46246627
0.46842816
0.4487778
0.40817237
0.41817668
0.42209053
0.43047467
0.46344987
0.4713514
0.42460144
0.44203773
0.43210086
0.4374569
0.44763377
0.43413624
0.4226982
0.4035763
0.4516249
0.47819737
0.44284645
0.42338777
0.50417334
0.45967084
0.45191503
0.44385844
0.43853244
0.4476218
0.4719212
0.4438347
0.43981978
0.4649726
0.4354184
0.44004825
0.48983544
0.4768916
0.47309503
0.40012878
0.42202774
0.45608366
0.44268388
0.42514506
0.41375214
0.46649802
0.44413447
0.48059207
0.40410864
0.39803222
0.4228996
0.46816826
0.44282413
0.43834752
0.42960522
0.4682851
0.46002766
0.4247337
0.41707936
0.47663033
0.46212292
0.45050108
0.4381433
0.44186577
0.4820802
0.4201141
0.3875155
0.43600425
0.43309316
0.41253176
0.4569973
0.38322994
0.42397767
0.45279172
0.43965295
0.415093
0.47171527
0.4481976
0.48869765
0.47426316
0.43964016
0.45981452
0.48408946
0.4207798
0.47575974
0.44738483
0.46544066
0.42789188
0.43524992
0.44035938
0.46608248
0.4098005
0.45405188
0.47097465
0.41988263
0.45556152
0.44220462
0.4918992
0.40893757
0.424869
0.46133682
0.42028922
0.43993813
0.4565419
0.44880596
0.45318902
0.4584274
0.44006962
0.4312812
0.43757808
0.4483509
0.4579467
0.43600547
0.40799487
0.4816238
0.4497271
0.44195312
0.4755146
0.47439522
0.46313792
0.46480665
0.4658455
0.48537514
0.44469932
0.41443616
0.47309744
0.4305817
0.41886252
0.44300342
0.390702
0.41748405
0.44371903
0.42894238
0.42368138
0.4260777
0.44485775
0.50286627
0.4432272
0.40896267
0.4739034
0.44927084
0.44411236
0.49974307
0.43784583
0.46072304
0.44474447
0.45453697
0.42858243
0.4499386
0.45037183
0.46425006
0.45607975
0.45534053
0.43419018
0.4909523
0.37232238
0.47728726
0.46447426
0.44973716
0.465611
0.45495728
0.49646628
0.4570894
0.52862304
0.52503306
0.45665023
0.49028262
0.49408978
0.4845873
