0.06311861
0.06311861
0.5351844
0.60102564
0.67250025
0.7197933
0.7298349
0.71139306
0.72333616
0.75440323
0.74683946
0.7453578
0.74673784
0.73341095
0.75928766
0.75402755
0.74577993
0.7358759
0.7325731
0.7655992
0.7611305
0.75520796
0.74461275
0.76275116
0.75210744
0.74983484
0.74980104
0.7420192
0.7557927
0.73907125
0.7631014
0.7537518
0.7508567
0.7437099
0.75143594
0.73627716
0.7471897
0.7379366
0.74693483
0.7456351
0.75879425
0.7577713
0.7668985
0.7589591
0.7543022
0.74448824
0.77226615
0.7585026
0.75153327
0.75576055
0.7640542
0.76971704
0.763276
0.7607394
0.76714045
0.74742883
0.75307655
0.7437578
0.74420244
0.75807816
0.74225295
0.7655135
0.7449938
0.73943216
0.760093
0.7510062
0.7648245
0.7608871
0.75078845
0.7432813
0.74474066
0.73826075
0.7541278
0.7629838
0.7677086
0.75239325
0.7614499
0.7543821
0.7523153
0.7702342
0.74801797
0.7597182
0.7721051
0.7472151
0.7587733
0.7567831
0.76968366
0.7535844
0.7556837
0.77036023
0.7556918
0.7565296
0.76379234
0.76149577
0.76101106
0.73095924
0.7795008
0.7527208
0.74936676
0.74658173
0.74570745
0.73624575
0.7508434
0.74492586
0.7591059
0.7603521
0.76210296
0.7605016
0.7472626
0.7716895
0.7628037
0.77432096
0.7692933
0.7447528
0.7473433
0.764274
0.766864
0.75277156
0.7621074
0.75809944
0.78462607
0.74360305
0.76563936
0.7550878
0.7605591
0.7679195
0.77075887
0.75091547
0.7638536
0.75361705
0.7561195
0.76161253
0.75812984
0.76732224
0.7551368
0.7516732
0.7347796
0.7570942
0.7487419
0.7580678
0.7585354
0.7503738
0.77874446
0.7472471
0.7717437
0.7485122
0.75939643
0.74639374
0.76624376
0.7605553
0.7528926
0.7717615
0.74665034
0.7698319
0.765938
0.75791794
0.7394338
0.7514772
0.7791212
0.78531
0.7550956
0.7398094
0.7554055
0.74541265
0.78398263
0.73853266
0.7705945
0.7449358
0.74565905
0.75735
0.7513289
0.75106734
0.7586683
0.7516357
0.7542367
0.7604549
0.7764055
0.76323503
0.7606263
0.75370234
0.7510343
0.7388588
0.7404439
0.74035037
0.7523517
0.7460866
0.7605095
0.7564912
0.75147927
0.7554847
0.7484993
0.7576496
0.7626748
0.7424584
0.76854295
0.7579934
0.7646713
0.7656157
0.7519017
0.7592354
0.7550774
0.76028216
0.766004
0.78497267
0.76044375
0.77261376
0.7543167
0.76071596
0.75948656
0.74992234
0.76753443
0.7548055
0.7361595
0.75351423
0.7417764
0.7650672
0.7728593
0.7757634
0.7560139
0.7494841
0.7605019
0.7753903
0.7682996
0.7840941
0.75446707
0.76275736
0.7832818
0.76025224
0.7469008
0.74593
0.7644481
0.75293845
0.765612
0.7547354
0.74981236
0.7352222
0.75784105
0.74771196
0.7655643
0.75166076
0.7408693
0.76513255
0.7543897
0.76261336
0.7573711
0.7619249
0.73871565
0.7432554
0.76153326
0.76223344
