0.041571595
0.041571595
0.0859583
0.16685967
0.28181317
0.26625043
0.40048113
0.4630929
0.57156515
0.6277727
0.5865173
0.6411782
0.6634703
0.70049506
0.694589
0.75303113
0.67801523
0.7643304
0.74281096
0.7550423
0.7382639
0.6995741
0.71395266
0.7076704
0.7246536
0.6705949
0.7148366
0.66055185
0.72484857
0.67300165
0.71268743
0.7397485
0.7007786
0.6588873
0.66551256
0.7089603
0.7434976
0.67487735
0.6866602
0.7120244
0.69191414
0.72219366
0.7285753
0.68439317
0.66625166
0.7074383
0.73436254
0.7157602
0.7232431
0.71376586
0.6965689
0.77262694
0.7986545
0.69012207
0.7517259
0.7216412
0.7104102
0.7308991
0.7855138
0.7579008
0.7250647
0.7497236
0.77727044
0.6842583
0.75886935
0.7209592
0.73776263
0.7211791
0.7510366
0.75411665
0.7017635
0.74088323
0.719338
0.72653717
0.79206735
0.7377706
0.7301287
0.72049576
0.7897105
0.7209243
0.6935508
0.72353095
0.68076605
0.70893484
0.68622285
0.74512815
0.7785712
0.7458465
0.7367085
0.7138956
0.7463488
0.731101
0.72486955
0.74801916
0.75563323
0.7439135
0.7105307
0.7417141
0.7413606
0.7246735
0.79414576
0.7265404
0.75146294
0.7055369
0.76007164
0.71851915
0.7086955
0.7493482
0.6959056
0.7622715
0.75368357
0.75098366
0.7285475
0.7179689
0.74606633
0.7413829
0.7342819
0.74642396
0.7112278
0.71453035
0.7229435
0.71228874
0.7446305
0.7143512
0.7766876
0.7469643
0.73046595
0.7463134
0.756455
0.7234867
0.7170658
0.77131593
0.7132193
0.7551052
0.7066935
0.69523394
0.7240694
0.70090425
0.6452508
0.69733465
0.7073146
0.7219698
0.7348238
0.7300625
0.7244575
0.7324572
0.6972131
0.71356606
0.72541434
0.7470632
0.7371766
0.7618128
0.7125504
0.75074506
0.76128364
0.7503208
0.75950676
0.7504837
0.76045346
0.75013196
0.76077676
0.763147
0.7338284
0.75917906
0.73494667
0.7595961
0.7336695
0.7183991
0.71261024
0.7051832
0.74702764
0.7256597
0.7072653
0.6880322
0.75986964
0.70166224
0.7145881
0.68449855
0.72410995
0.7355894
0.7513065
0.7296375
0.73872346
0.6987459
0.7234568
0.69392943
0.75875735
0.71069086
0.67543876
0.77923185
0.761007
0.7270631
0.69851714
0.75620496
0.73922044
0.7123759
0.7133558
0.7267914
0.720944
0.70879
0.7218621
0.72785264
0.768559
0.72046465
0.75130486
0.7435551
0.74528676
0.76051056
0.75339186
0.76392764
0.7662867
0.7137339
0.7216489
0.7305059
0.72302115
0.7714312
0.716659
0.74973494
0.76806146
0.7501385
0.71836364
0.75229746
0.7556433
0.7288701
0.7531337
0.6894022
0.68470144
0.73172325
0.72655624
0.6935672
0.72069436
0.75033414
0.749283
0.74334395
0.7516182
0.72165954
0.7244554
0.7093446
0.7633237
0.6728351
0.7731482
0.7257212
0.7476091
0.7588985
0.7049953
0.7285271
0.732841
0.7638659
0.766317
0.75551736
