0.11386774
0.11386774
0.15373787
0.16920723
0.2163135
0.15820068
0.26510388
0.28742215
0.3579471
0.41115943
0.453095
0.49017823
0.5568072
0.56896394
0.58564276
0.61986864
0.6390598
0.6360743
0.66391945
0.6926592
0.67387766
0.6600409
0.67976385
0.6983788
0.6742235
0.7397211
0.7068727
0.75847113
0.71656525
0.7118887
0.6815275
0.73779976
0.72801864
0.73472285
0.75930566
0.7550414
0.76543707
0.7377594
0.7398602
0.7453411
0.7342689
0.72993857
0.74456495
0.75306374
0.7436487
0.76523554
0.71498334
0.70594245
0.7407744
0.7422303
0.7637551
0.7702136
0.774431
0.7425267
0.7672623
0.7427321
0.72815084
0.7409327
0.756978
0.732482
0.7448976
0.7616687
0.7503371
0.74526525
0.7459288
0.7536586
0.7197092
0.7157882
0.767116
0.72329175
0.73687005
0.70863414
0.7619171
0.76022375
0.7152669
0.7574052
0.7185443
0.76178926
0.76945806
0.74169385
0.74736184
0.7450211
0.7700726
0.7805724
0.74120086
0.7232441
0.7411714
0.76392347
0.7715099
0.7690119
0.766085
0.76626676
0.7494779
0.7507434
0.773202
0.7232897
0.7469272
0.75910056
0.7349194
0.7499368
0.752351
0.733852
0.7368614
0.7452172
0.75339425
0.76775056
0.7524981
0.7481575
0.7575592
0.7628645
0.7655822
0.729338
0.78430724
0.7544774
0.7685275
0.7597023
0.75585943
0.7637512
0.76408964
0.752261
0.75522345
0.7272611
0.73436856
0.7553923
0.7515025
0.7677617
0.7518035
0.7680702
0.75518614
0.77015203
0.74726
0.7520722
0.7254372
0.7639826
0.7410886
0.76371515
0.7528708
0.75459296
0.7549582
0.7719407
0.7540948
0.75563395
0.7335153
0.7325952
0.7578498
0.74864554
0.7656763
0.7488953
0.757646
0.79648733
0.71735346
0.80720764
0.7812295
0.75272024
0.7591017
0.7738348
0.7557024
0.761383
0.7661734
0.77132106
0.76095414
0.7554257
0.72901666
0.77147794
0.7124604
0.7467615
0.7520008
0.7755705
0.7762713
0.7541348
0.74324834
0.77033675
0.747369
0.7190116
0.7439186
0.7560154
0.76277995
0.7539694
0.7617346
0.735664
0.7709791
0.76907766
0.7615773
0.7789407
0.75546104
0.7303412
0.7514293
0.7389919
0.7612777
0.7449436
0.7183373
0.7640605
0.7496997
0.7355055
0.7649907
0.77466387
0.7660264
0.73490256
0.7505657
0.7596746
0.7631092
0.772083
0.73692113
0.7827675
0.75804734
0.7476962
0.74040025
0.786567
0.76367605
0.7531208
0.7571931
0.7474858
0.76651156
0.77047676
0.7764029
0.76247317
0.7557524
0.76295227
0.75837594
0.7515472
0.7571612
0.7904052
0.7456581
0.74753976
0.74380255
0.75959104
0.76320845
0.75434387
0.7489631
0.7622351
0.76561517
0.7528327
0.7575119
0.7593557
0.760325
0.7468987
0.751164
0.76106787
0.7467034
0.74732137
0.75538236
0.7437883
0.7345192
0.7379864
0.7593711
0.75120836
0.73544943
0.75313014
0.73595476
0.7436924
