0.050460428
0.050460428
0.2812991
0.3632392
0.4172719
0.4421566
0.45060334
0.48850113
0.5389537
0.5071768
0.5675931
0.62144834
0.6284715
0.63371885
0.6621441
0.66158056
0.6780325
0.72609174
0.7029811
0.74337435
0.73225164
0.7365787
0.7060811
0.7398333
0.74396265
0.7340593
0.73900795
0.73226565
0.73336375
0.77024746
0.7626903
0.7521626
0.7370718
0.7234322
0.75168246
0.747093
0.7474341
0.7338904
0.77139205
0.75073737
0.76773024
0.74307513
0.75195223
0.73783857
0.78477234
0.75181675
0.7477252
0.7461239
0.7565973
0.75429237
0.75073636
0.7651679
0.76599175
0.74283236
0.741028
0.7461723
0.749198
0.7582994
0.72523993
0.75156635
0.74445665
0.7655626
0.75161755
0.7388091
0.7334288
0.7641637
0.7130309
0.7292208
0.729207
0.7436078
0.7629251
0.7347156
0.72657317
0.759554
0.76373273
0.7646078
0.75810397
0.75454587
0.7389422
0.7703483
0.7494391
0.7475202
0.73652476
0.7590713
0.7380263
0.745007
0.7449993
0.7518993
0.7441434
0.77050734
0.76865363
0.76050097
0.75671774
0.7455573
0.7658383
0.7657967
0.74127597
0.75675714
0.7618858
0.74522
0.77259916
0.741818
0.7476968
0.7711735
0.7690685
0.7685445
0.75558674
0.7650853
0.7723321
0.7330836
0.73183906
0.7547689
0.7623036
0.7607844
0.74018025
0.7660394
0.7652184
0.7439634
0.7622569
0.74614245
0.7571595
0.7703648
0.74105465
0.7364293
0.76196545
0.7512825
0.7333644
0.7229072
0.74123055
0.74806
0.75730205
0.7488495
0.74404144
0.73533857
0.7450748
0.7422021
0.74641466
0.76017845
0.7600008
0.7730196
0.75775373
0.7562883
0.7626195
0.75967634
0.7492488
0.76526254
0.7490354
0.7507638
0.75917864
0.74667823
0.756646
0.75228673
0.7523791
0.763675
0.7404134
0.78768003
0.7358782
0.7530345
0.7751997
0.7666089
0.74500364
0.7478287
0.78300005
0.76597494
0.75369954
0.7511306
0.7629613
0.74890035
0.7421199
0.75758386
0.72694063
0.75137
0.7255772
0.76330215
0.75706226
0.7485841
0.7462872
0.754955
0.74129426
0.7493439
0.7489224
0.7793529
0.76225716
0.7471406
0.7707117
0.7502766
0.7163525
0.7407887
0.73796374
0.7530974
0.7500826
0.74980277
0.77808666
0.7526736
0.759041
0.7573294
0.7457287
0.75529206
0.74873817
0.76100737
0.76106524
0.73521346
0.7400026
0.74245584
0.7338511
0.7498401
0.7438852
0.7589074
0.7610393
0.7487354
0.76512164
0.7443022
0.7586966
0.7676726
0.75049853
0.7395028
0.7644618
0.7619329
0.75287944
0.7578755
0.74325347
0.7593056
0.7522266
0.7560177
0.77747536
0.7513401
0.75451654
0.76830393
0.7607391
0.752165
0.76052564
0.7523384
0.76684344
0.74597305
0.76867485
0.72940534
0.75018346
0.7470396
0.75245965
0.7616455
0.7406326
0.7501187
0.7847839
0.76569337
0.75915337
0.7586868
0.72751844
0.77749085
0.75990015
0.770272
