0.055299297
0.055299297
0.05156905
0.10784938
0.28395343
0.42045325
0.30702922
0.56937474
0.5001053
0.6027244
0.52246666
0.54823995
0.52174145
0.6126031
0.5423176
0.5290419
0.5749265
0.61639047
0.5661305
0.48725772
0.6238192
0.5433392
0.5840951
0.518187
0.57015365
0.5575222
0.5637574
0.5509608
0.6751818
0.61922807
0.5176173
0.5867756
0.59178096
0.6099741
0.5328968
0.60030276
0.5118267
0.594186
0.6056123
0.6006314
0.59399426
0.55707484
0.6279676
0.4970854
0.52005994
0.49766898
0.5521176
0.5247088
0.50908345
0.48149216
0.49797952
0.49908948
0.5253025
0.6077652
0.5353081
0.52024674
0.56398225
0.5220211
0.5763458
0.43138832
0.4589454
0.50796556
0.46613884
0.53079736
0.5753898
0.50725543
0.52004206
0.53302884
0.45197216
0.54208446
0.5519614
0.5738256
0.54755133
0.43670598
0.57021886
0.564521
0.60590565
0.5130489
0.5765357
0.52013767
0.5880102
0.56352186
0.49979615
0.5451745
0.48328316
0.48463532
0.5990462
0.54171425
0.54082626
0.55099124
0.5043402
0.4972011
0.49572328
0.5646576
0.6093118
0.500717
0.55399555
0.52358806
0.40998527
0.4122368
0.42741108
0.5353908
0.45391208
0.57391936
0.51717716
0.54378396
0.48043323
0.40094984
0.48256162
0.43082646
0.4954792
0.48521268
0.45074221
0.4682093
0.44304505
0.4304872
0.5040379
0.47903332
0.5232564
0.5306216
0.6054012
0.47979727
0.5334139
0.45824417
0.5730076
0.598839
0.5214019
0.6170578
0.51585156
0.523984
0.51026446
0.48296964
0.6709
0.5283287
0.46244115
0.51605844
0.49918583
0.47831047
0.51745915
0.48519775
0.38417453
0.43804398
0.2951213
0.28318357
0.25009272
0.08426489
0.19215125
0.13505083
0.4053257
0.37083077
0.4636689
0.39586928
0.36017376
0.4873243
0.491829
0.43813026
0.45632544
0.4758505
0.51400805
0.62395304
0.55805755
0.5115979
0.62644565
0.60472655
0.43209094
0.53330237
0.5418919
0.56578225
0.5655188
0.63323253
0.51919043
0.56923735
0.57598037
0.4926593
0.4881252
0.5262735
0.5192292
0.6343284
0.52588
0.58707875
0.59776914
0.61506945
0.536962
0.51272863
0.6399738
0.54951006
0.54224086
0.6590151
0.56708574
0.5444
0.5226385
0.5602075
0.5912776
0.5443639
0.43642852
0.51998305
0.60092884
0.56260026
0.58187455
0.5167386
0.5257736
0.52254033
0.52356964
0.515223
0.51028407
0.5348526
0.60499
0.5676267
0.47239587
0.5589289
0.5459564
0.59538776
0.5230592
0.5575087
0.5039171
0.62347656
0.58052754
0.57272446
0.52886355
0.5407809
0.5820658
0.45540473
0.57276547
0.54594165
0.5501587
0.5335321
0.558043
0.44868308
0.53867424
0.51651454
0.44740704
0.47320157
0.5540664
0.5774403
0.52335256
0.5536528
0.5573103
0.49084476
0.51023227
0.562408
0.58201104
0.48543224
0.5747856
0.5185279
0.49856487
0.48659036
0.49565655
0.47875994
0.6048569
0.48693362
