0.07375996
0.07375996
0.20101903
0.31674346
0.3963578
0.47020492
0.4756072
0.5173988
0.55679595
0.5844952
0.58800364
0.5986386
0.5840888
0.57221895
0.5667496
0.5337731
0.57736063
0.5567535
0.5563332
0.5611745
0.57476884
0.59428936
0.5505745
0.5736263
0.53954905
0.554316
0.5601227
0.6110631
0.5515789
0.5774258
0.564463
0.56268126
0.56693196
0.5409319
0.5641985
0.53297114
0.53229755
0.536432
0.53717345
0.5297103
0.5477713
0.56230974
0.5442357
0.53848445
0.53055453
0.5535883
0.5731506
0.55631864
0.56978273
0.59788233
0.5903006
0.56794083
0.5254565
0.5393508
0.56487274
0.55201817
0.56548166
0.5421844
0.581827
0.5427835
0.56656283
0.5122805
0.5587568
0.5543703
0.5571178
0.5786432
0.5704587
0.534519
0.5574618
0.599042
0.5803947
0.57142854
0.5528457
0.55098414
0.5869364
0.54592156
0.5709522
0.53715384
0.5688188
0.5458856
0.5753327
0.55689645
0.5606384
0.5497492
0.5571565
0.5509773
0.5626495
0.53571343
0.5583886
0.54323405
0.6042184
0.5676453
0.56431496
0.5461333
0.5833411
0.5642408
0.50819933
0.550714
0.5567194
0.5808518
0.58612686
0.5448303
0.55415004
0.5783951
0.5711037
0.5590632
0.5571792
0.56880784
0.5553644
0.5631937
0.5596889
0.5615549
0.5486389
0.5588779
0.5743292
0.54363793
0.5432849
0.53683245
0.58578956
0.5427049
0.57702965
0.52518123
0.5651731
0.54380167
0.548074
0.57393175
0.5360062
0.5985841
0.56119424
0.5807296
0.55129933
0.56022376
0.54595983
0.5499632
0.5287087
0.55012465
0.56065446
0.5733448
0.5126727
0.55010855
0.5652498
0.5818681
0.54376554
0.5581133
0.5598032
0.5777841
0.53855515
0.55727345
0.5501151
0.53091234
0.5336795
0.54178125
0.5748333
0.5090808
0.5566478
0.5160435
0.5529185
0.5590289
0.5626447
0.5546892
0.52989477
0.54532754
0.55466187
0.5444052
0.5015592
0.53028655
0.5352256
0.5287775
0.5103582
0.5554494
0.50875473
0.49792144
0.5654624
0.55657
0.5679964
0.5669957
0.5475475
0.553847
0.58902156
0.5631611
0.552746
0.575081
0.53505695
0.5515877
0.5585456
0.5575523
0.57644933
0.5819332
0.5995388
0.5563948
0.52144265
0.5223938
0.5712358
0.5420149
0.55892104
0.5610576
0.57945997
0.56529146
0.5489259
0.5872544
0.56030005
0.5259179
0.53292304
0.5463721
0.54408556
0.5795662
0.5614723
0.56087637
0.5567847
0.5633907
0.563734
0.52847654
0.57352597
0.5626576
0.5949724
0.56181526
0.5658358
0.55341494
0.57575583
0.5663889
0.5364859
0.5740178
0.55259526
0.53696287
0.53473425
0.53279305
0.5383836
0.5457188
0.55896044
0.5547292
0.5598676
0.5644438
0.576746
0.53031194
0.53733295
0.5685151
0.5319086
0.5228996
0.5504643
0.55243486
0.57230514
0.5240963
0.54661024
0.59399635
0.55174714
0.5628154
0.590881
0.58073556
0.54226696
0.56940424
