0.0797428
0.0797428
0.11557388
0.12237129
0.1798865
0.280695
0.25693986
0.28157002
0.31384578
0.2810557
0.363444
0.33201435
0.4482416
0.42417836
0.4670621
0.49125743
0.4963535
0.53045046
0.5436616
0.566112
0.5383327
0.5859111
0.53048486
0.55114
0.5776279
0.5900652
0.5652857
0.5795866
0.54131573
0.5630922
0.55284274
0.5398613
0.55014867
0.53147876
0.5420166
0.5533154
0.5630927
0.5169123
0.51767045
0.5248247
0.54872906
0.50192344
0.479814
0.5371496
0.4725339
0.56970024
0.4983144
0.5502569
0.52198637
0.57903
0.5675253
0.5137718
0.5143067
0.5393345
0.52769977
0.52388483
0.5454644
0.536536
0.50108314
0.5397452
0.5647901
0.53651345
0.54145277
0.5549267
0.58007115
0.5374109
0.5256243
0.58628625
0.52670354
0.53249484
0.50274295
0.5395319
0.49863702
0.5684666
0.53207797
0.49313313
0.5434607
0.51559985
0.5532796
0.55275536
0.534999
0.5369559
0.5716216
0.53681374
0.5230895
0.5848262
0.5589788
0.56139994
0.581256
0.56444675
0.5266095
0.57954216
0.5553212
0.519859
0.61881596
0.564108
0.5575341
0.58335805
0.6161493
0.58046675
0.5907824
0.5444241
0.5477
0.571004
0.54849327
0.5260842
0.58389676
0.54307926
0.5228271
0.55324435
0.5825117
0.51499194
0.56282353
0.57015073
0.5338591
0.5623146
0.53384835
0.53616893
0.5605681
0.54940355
0.5340262
0.5398112
0.51781136
0.578852
0.5230498
0.54946685
0.5229991
0.529255
0.5397438
0.59409696
0.52634615
0.50694245
0.56419533
0.56802464
0.55655074
0.57141715
0.5345577
0.52583736
0.5945492
0.527871
0.54136807
0.5824774
0.5695165
0.5793634
0.55936676
0.56707096
0.55016506
0.5678764
0.59044206
0.5641086
0.5593695
0.5277977
0.54889804
0.5602679
0.5558863
0.5443375
0.58014643
0.54977745
0.5844663
0.5584328
0.59071654
0.58457965
0.537191
0.53135294
0.5690615
0.56250834
0.5574914
0.5430593
0.5646191
0.50588155
0.54220474
0.58086884
0.57820886
0.54115015
0.54581773
0.5201676
0.55583006
0.5582403
0.5760441
0.5292407
0.56180227
0.55007786
0.5355296
0.55972517
0.5539856
0.5458565
0.59841067
0.5546219
0.5376278
0.57661766
0.5364904
0.5456899
0.5275891
0.5726773
0.5687503
0.5327015
0.5510086
0.54641145
0.5273581
0.5089902
0.5317313
0.5127141
0.50352114
0.53098565
0.5769192
0.5728134
0.56561553
0.5160898
0.55599415
0.54625934
0.57000476
0.57867503
0.5328681
0.54638594
0.53325135
0.5673789
0.58505785
0.58591896
0.5338604
0.5410676
0.5470735
0.533978
0.5703479
0.5239481
0.5618635
0.5878977
0.51670927
0.49025545
0.5740423
0.5597729
0.56028295
0.5455687
0.600696
0.5317972
0.5706435
0.5372854
0.60035545
0.5533981
0.5381792
0.5248752
0.5650969
0.53176343
0.58895373
0.5390122
0.5629995
0.55548215
0.5531645
0.54947895
0.5278478
0.5577859
