0.071875274
0.071875274
0.36208585
0.45990902
0.54958427
0.50407386
0.52629036
0.52561
0.47803658
0.5979822
0.54561174
0.56394523
0.5426495
0.55923253
0.58454424
0.5371324
0.5820472
0.53377813
0.5955987
0.5672772
0.571339
0.50054
0.5380165
0.55374384
0.51333296
0.53606594
0.5531159
0.54326046
0.51588744
0.584708
0.55935144
0.49459612
0.51350385
0.51146114
0.50454724
0.573691
0.4787786
0.51675296
0.5706446
0.5217998
0.5766418
0.54254115
0.54933625
0.5395939
0.48595855
0.47049934
0.48151198
0.48572913
0.52921325
0.5248216
0.5402925
0.5226601
0.56218755
0.53445137
0.44647682
0.512266
0.48766467
0.5478751
0.46971673
0.5324583
0.48875022
0.5597698
0.5114822
0.55915076
0.56831115
0.55250585
0.54074335
0.55188715
0.5914802
0.5730521
0.590875
0.54096925
0.4971912
0.61132187
0.55963916
0.52712435
0.55701536
0.5608537
0.55845994
0.50444466
0.5308808
0.5213881
0.53205824
0.5101541
0.53272915
0.52750814
0.5192493
0.5027966
0.60065776
0.52857715
0.5400269
0.5385999
0.5717947
0.5513475
0.5600837
0.52692604
0.6051689
0.5489319
0.533198
0.5020419
0.55547327
0.5796372
0.5284424
0.5659822
0.5242515
0.5353542
0.55927664
0.5506512
0.54335237
0.48652223
0.54895985
0.5091274
0.5396928
0.54662204
0.5447542
0.54596883
0.51803714
0.5598965
0.48907563
0.49582535
0.5481523
0.57679194
0.490196
0.5208153
0.5353971
0.5167011
0.5301064
0.5690346
0.52875376
0.5292644
0.54172647
0.509149
0.5743503
0.47886136
0.55433863
0.5528419
0.5637254
0.5393269
0.5376474
0.5129067
0.5697382
0.54762495
0.551049
0.53564477
0.5434643
0.55981845
0.5696837
0.5194097
0.5326002
0.5007116
0.50209475
0.53701967
0.5186695
0.5472976
0.5379169
0.4854646
0.6084132
0.54257774
0.5655157
0.51082903
0.50158453
0.48025835
0.5467696
0.53786063
0.54514253
0.517452
0.51924866
0.5014994
0.59002966
0.49171177
0.5414703
0.50334054
0.54089427
0.5602243
0.5406912
0.54618937
0.53982425
0.5287009
0.58014286
0.58799964
0.50470996
0.60973907
0.59449434
0.6230071
0.5408979
0.5840515
0.54188275
0.5937401
0.52308506
0.5662579
0.55714
0.53103983
0.5704901
0.50069636
0.54021364
0.49097154
0.5163828
0.52780783
0.5262536
0.54692423
0.5335758
0.5168803
0.5900155
0.5365085
0.55790496
0.5421357
0.5653101
0.5251006
0.54354364
0.55624235
0.52910805
0.56376684
0.56358397
0.5555401
0.540984
0.5650505
0.55220014
0.594046
0.51767254
0.5695099
0.5798474
0.5596085
0.58496046
0.6059631
0.5734937
0.5396788
0.52985644
0.61825615
0.55162966
0.55323356
0.54492736
0.51659226
0.54237944
0.5689986
0.5801133
0.585727
0.57592607
0.568302
0.54891986
0.50474983
0.5189159
0.57903737
0.5207432
0.51431197
0.5578547
0.5446692
0.5432063
0.5693003
0.5581091
0.54156077
