t0
1.8836980564406702 0.15541739223307927 
4.309068576169377 14.587957970288388 
8.7233378229093 9.432161913508764 
9.993742214453214 0.3875248302158285 
3.121812885704025 15.68412099235968 
5.545839679896956 12.22207170335287 
0.37666999306462 18.217080739221494 
10.30982811875494 4.490786623373966 
13.101720490137335 0.04548014822004731 
18.238497747301132 14.41341198968776 
8.446757820938156 9.078549181636701 
12.980849130162952 2.363838334869468 
19.912040839840152 18.02676061149784 
5.514573377475111 16.52770760845065 
0.0661478751602651 5.633018605948021 
11.21877942828261 17.914365730973273 
11.327344954724134 11.503038504946732 
1.4787977515740836 16.13080709561129 
0.30176921918904975 17.138115030787375 
17.226507094025727 14.138971194961146 
10.688842046342062 16.18263312197714 
1.5779588152901947 14.453334753960156 
12.868566292417135 15.656671405213906 
14.52251420439767 13.388635571116739 
12.344071054691332 8.815981840107995 
8.804679550817768 0.10266692747422645 
0.9892433577918047 19.37233594670794 
11.19655726264133 14.073156618135414 
1.6003102513475054 14.579449282458953 
12.288450886318296 6.120114197339177 
2.553604713161104 15.589673758753431 
14.381334469296432 6.023901696750304 
19.196074722265074 7.477305217044055 
13.85189168462875 8.249744045562839 
12.81814022739744 7.756789323496611 
10.075531742185577 12.821416957995895 
17.03305262661319 12.267425328077135 
12.427621480673219 1.951559468170263 
16.757850909296984 17.83750061250869 
1.3472504399969076 14.747062316486929 
11.415572595089714 0.10738812150441479 
0.39030208976351455 3.3607555300360237 
14.234147623014639 6.787985168876521 
12.732735031276263 1.7697080386582775 
1.3601017027620044 17.644784913857478 
6.424319792447211 5.469843410864188 
10.122708314434266 12.271043567869487 
9.812364058152713 7.543007870580385 
15.158775080231766 4.840550147945491 
7.631188720729893 18.696465784743697 
16.74298615017306 18.522172550030273 
16.8737759509648 19.63302851112405 
15.06754857607377 14.074572926540183 
5.755812821358484 18.023922947233977 
8.843375725646656 15.636073297170878 
14.265560258338565 5.818140333061534 
2.1605430525437708 17.98187018343181 
11.58189202780008 0.02927114068445036 
8.539024081556732 13.064746160144223 
2.996238256917807 0.597657263806779 
15.334989480969838 2.48042096116851 
10.492295041424097 11.651151341437068 
7.28239108152782 15.895770393893809 
5.5459836681025525 16.057541792749156 
14.35165855545325 1.1219193251482995 
4.27524277221389 1.16700538277682 
4.093607773280423 14.893340514978357 
11.427427195222368 13.522000136624374 
0.23246741091605072 5.0720667505070205 
10.06267128994907 11.160290344027468 
0.4532192883061148 4.852741632372492 
19.99691105265476 17.650531336930136 
1.2642859655237149 8.031008881250576 
5.054546273823995 9.38997011024604 
0.966365382263521 1.1847451127872533 
4.421959609999206 2.709985577210612 
0.47156498597956453 5.533565970808906 
6.458702852139931 7.022449533074651 
0.5399268421150061 11.530796498073421 
19.115931287205797 1.76932219737866 
8.021796645123336 14.278484543391961 
9.672467295534023 4.870671341872317 
8.459182255848205 4.976501011295498 
9.008386048128408 7.436490968713612 
11.567641054567211 18.60993529237153 
7.0247942646815975 11.868954572021044 
5.04274027616299 16.417354330790722 
6.910805085182843 5.3432921692972934 
19.92807804094917 4.807175447332687 
11.736113148700271 15.804670488518589 
8.041539284053044 13.07066355533274 
13.452211932851093 3.532602124599016 
8.23045151576953 4.9777096673614585 
18.282861229138692 1.7720888379820376 
0.8109816774990986 12.369926155976767 
7.216256414263087 3.3166757804148728 
19.02605269475471 12.794354665618627 
5.597405584168147 4.904908103877979 
4.769399614748277 18.743067619891832 
2.6004027002559216 9.94090555686579 
