t0
0.07057634888244953 0.0975420741577537 5.004990838529433 
0.09789001022027037 0.07528948541032204 0.9013281505443225 
0.09553137803082973 0.050229322947489385 0.7473286180642014 
0.0850959095201547 0.010471837922707623 4.404037257933302 
0.06367191900294857 0.0549838420898945 4.71699048709293 
0.0457281826761096 0.028122465757489584 5.426715827434864 
0.09654670048666303 0.03466760851272593 0.320377529382105 
0.09298122692707428 0.061018832186147565 0.5461709451192411 
0.07700282481448688 0.03810982609474624 6.075191635771157 
0.02603256004431168 0.02648979883361134 6.20357640680032 
0.09402361421515268 0.038527778515338174 0.2583260169416961 
0.005102458218333645 0.0888011811370235 4.255019135626196 
0.007353538429515664 0.07344080196748785 4.505126592338908 
0.04615847126926943 0.012780921287030424 1.9906650238722636 
0.052994796495196665 0.017802733059619283 5.669508865474037 
0.07968203351207205 0.02871903955383209 4.784377697979462 
0.09093815625254296 0.07888350002243981 3.813311939535125 
0.005535383306672613 0.01803834683659538 4.702592597589605 
0.055271489495851776 0.0795225477472334 0.26823560732530766 
0.08970186130655326 0.019258102156553856 4.0961788447490255 
0.06961488806697537 0.0500800958230724 3.5757526973002385 
0.03986863938740627 0.0072457979165906315 5.078311287169193 
0.03693985863973292 0.08140405343206353 2.628793665741059 
0.07130112413904785 0.03982713211307623 0.6452402949056147 
0.02148814913482737 0.0859711390976445 4.223022177122993 
0.05805059243025896 0.0754433618077551 4.824629967700971 
0.04837896503232277 0.03199364632522288 1.2594567241950203 
0.07471381373296634 0.06590390769494255 5.49663483082566 
0.004578424793024675 0.07189471919013055 2.5037617367645515 
0.04290436567685498 0.08118038116903224 6.111637980744756 
0.06476352843606037 0.015944029651661952 1.5503520969138542 
0.07075577578308098 0.010466864616829892 5.377781824707116 
0.05175352450591873 0.05576683067673013 2.8802580936335755 
0.04962785191527707 0.0012308737523650806 3.6724517455471983 
0.02343832630587782 0.09474315496692619 3.329530956862409 
0.015720131276152426 0.00297892521343622 5.044134903761442 
0.09095152243811168 0.01714345132820734 2.813811489428924 
0.061079395571277575 0.025202416460978663 5.928895019340559 
0.03196572279003945 0.06484242476996513 4.708176936430192 
0.029543815873787894 0.08844968948207681 3.180050382665546 
0.07798679752973675 0.015766355311239974 3.763771237350867 
0.002186356743015666 0.027710060535300993 3.858096698570944 
0.032998956826128564 0.04951095967629479 2.071464013690378 
0.0300957527791174 0.06973160911223918 3.425571417060874 
0.08257831504559299 0.008936905525782208 5.675865986569384 
0.0646575717563309 0.02767102628549375 3.1130377697365 
0.021154422821267015 0.023476171654359185 5.640102396971823 
0.05778801789651035 0.04356161265289599 1.5370793289001186 
0.004291070977523292 0.050767381378413245 4.870483175411223 
0.0038891201145837546 0.011986627984672028 3.392393264135891 
0.04503834245316643 0.0684618158208011 0.25019460233149193 
0.08480659804819597 0.06488120397182802 3.5462925729578334 
0.0355468274967494 0.008873011630437095 6.270690765324275 
0.0709228252879838 0.05364112097880003 0.8572870938563594 
0.037370047119970655 0.04347321250927917 0.18105505916059092 
0.0025495965511705973 0.048614649231496325 1.7694471432662222 
0.005006205803787532 0.030945430673744445 2.542003271329165 
0.048066038982351594 0.0939472853057972 5.122855151515774 
0.0032020331071238033 0.07530735377493235 3.2684565791229705 
0.03489446354321387 0.09746495004981347 2.9707948754298226 
0.02339332866108604 0.050500892222404434 3.4107040714467964 
0.02571692943879975 0.002383061907751738 1.0015663847160987 
0.07445280983531212 0.08128594757178798 5.624856186798526 
0.06152182104688491 0.06185708592081858 4.153350502263615 
0.02261609364555767 0.03552318189650062 4.055540934390254 
0.06340087206040901 0.05110906615529888 3.3461850334405145 
0.05806199959006099 0.07809992355435408 4.156459590457598 
0.054489467885612715 0.05493069438459397 5.058015166098514 
0.04370457692984349 0.02480530387255281 2.8446959831639966 
0.09257240364111627 0.054000494092903764 0.3231223295911702 
0.09195954368258415 0.09251223447044625 1.783576269539957 
0.07147321987899355 0.030250388936012163 2.921876272298299 
0.05711240161798203 0.006113358757484699 4.413598104750951 
0.046679737299482035 0.06991001135144295 3.618618084648743 
0.059620619406995354 0.04636589296991118 0.38270002438651324 
0.020301329043195454 0.02152311679962292 0.6696574326844468 
0.011390293527264516 0.055026768014869124 4.088813213432678 
0.02808218216613257 0.05299391048864854 5.392353328022603 
0.029668277418698617 0.009155478224568987 0.9296108677722316 
0.09353213672902778 0.024288056204131787 6.038809512112644 
0.07213657421777118 0.05872141947487305 1.2957385723123063 
0.07780967854656134 0.06675409820559818 4.353101856808621 
0.0027681362994488486 0.06587255809199791 3.9957541740008033 
0.057633266706160695 0.0010151148415534223 0.47974980404393053 
0.08744382429119095 0.07949430536028697 5.910292291337504 
0.07230426110045848 0.0021636377371450854 1.2875481709807584 
0.06113282825879994 0.072923327577313 0.971088755588046 
0.04022915292558025 0.0013960850266056736 5.791261374916839 
0.029216468024629703 0.09513806855749048 3.419489545860247 
0.03181186308590108 0.007142998396256023 4.165926724133464 
0.030223382448036573 0.05147051232171029 1.2682337690023873 
0.0944903262576231 0.03485562919630157 5.853958982678311 
0.09230157756803915 0.0708807369284341 1.1236568171774002 
0.03379830095376118 0.022596525758404967 1.2905254335816825 
0.0747519076519636 0.06110122580302864 4.787648801016431 
0.06890917606057408 0.07667000901674817 4.257521367475405 
0.08729984139116913 0.013633836065423906 2.1992032633255003 
0.04015544956603652 0.09133853730131081 0.2679365814543011 
0.0335012948439997 0.01390836089658433 2.25953112928894 
0.039773153070902185 0.030472093888526126 1.90961285244246 
0.08919318342167704 0.0895247505037939 3.3896257584561846 
0.060636186942038144 0.08508576526402192 4.354961458718328 
0.0789336140394602 0.05059275208545638 3.854315147179864 
0.064938744161158 0.07348060024866261 0.741736487979535 
0.059682127772021185 0.03990350111331991 0.4186718569989965 
0.025931100889418808 0.012951178225407207 0.4340055631892163 
0.0631056020093394 0.01472133388032712 3.408998579365663 
0.0033872831973958896 0.07898402183055528 5.456534505046794 
0.07596189275694988 0.07027835011767562 4.219341355185522 
0.008644350811759169 0.057086883068132 1.5491586686716496 
0.02321021805036007 0.09892041391257808 2.9941511880092455 
0.002555496429483348 0.004279976930808097 2.5424797542949857 
0.026848579295965246 0.09510884277051497 0.3787473749296602 
0.07455033677322606 0.02782832326836261 0.9109092495266458 
0.0536253256521584 0.03524497265964103 4.494359832693278 
0.02935816547553519 0.09871346499431047 2.2691160737370546 
0.05144816650173096 0.09115522041337612 4.838657932254453 
0.08627350024850651 0.02324205060857721 6.183960538818936 
0.07610159634559589 0.08350386527915345 3.012045451848028 
0.07207811528747583 0.015302418420721237 5.914859636628702 
0.06922734272532338 0.020684687625574155 5.3759357212642 
0.07310983466214566 0.0050120316390137925 4.243906513801548 
0.07963730028229056 0.06962003312590986 3.2861978534065504 
0.025585687541063863 0.09343445685252001 1.777459817101433 
0.09889889850089596 0.054316245090200124 3.0465897280282697 
0.05053511377545826 0.042531979670540614 2.3828220081147733 
0.036677824558679364 0.08808996407118715 3.5233928782474995 
0.0025199147261916553 0.09531057894239751 4.931588187196973 
0.084868956077055 0.061563448813643645 1.8713373781552431 
0.08424942701493399 0.09686008733944138 5.0017742843032735 
0.018834872741767913 0.014328908116014092 2.2397279834604698 
0.06627522403769949 0.08411624692855926 5.594437990717213 
0.01525914157431402 0.010508035877129243 2.6078323844451075 
0.08624869247389248 0.03653000264524406 4.647902571892998 
0.07588887116304231 0.02042468596217318 1.5777304219984816 
0.004917660626067994 0.06494255228214446 0.02556176594215945 
0.07886483862909298 0.0364655248707907 5.927907679071526 
0.07250973222008798 0.0676252614846241 4.112298515022346 
0.09125604657544963 0.06318190909355069 0.4459444063653312 
0.005383048544840715 0.07754680679603712 5.405159187740649 
0.08719260232916481 0.07430560047592051 3.3027816133760832 
0.07065187930022788 0.022420258106905764 1.3534799609753854 
0.09217136207432312 0.03385407162759567 4.381108442811753 
0.013398458066406313 0.07854716568400433 6.268922398910056 
0.09705454980820005 0.09254145536118766 3.5132935738502047 
0.08313326827913237 0.08061648973109392 3.056914635369754 
0.07112756114337856 0.09198231574517707 0.30485613676344175 
0.009047985745066673 0.03820605260622207 5.908921400112348 
0.04341298578679992 0.006796513784001975 2.384134302006626 
0.09114252852807601 0.07617128849483533 2.0214667939986097 
0.02331197522850809 0.0033204197305096747 4.6758569229627485 
0.009193459927523389 0.08753316916199416 3.09185929268736 
0.007541829876492751 0.033942890020672016 3.8664630002612905 
0.054837597570568185 0.030120363997412733 0.4619861044647449 
0.07052701867691832 0.06686620178805369 4.952521961065532 
0.027327427647648346 0.03220561742122914 4.75512870543605 
0.03357415771328115 0.027850834736583785 1.8873881742295935 
0.04754568680396984 0.018895876254639146 0.2882834481038708 
0.06355349152192209 0.023592327147658076 3.9671243266440945 
0.08648256456315381 0.05789903061571585 0.41861533724395594 
0.01240872543084132 0.09494557873710177 3.3880227045615725 
0.0939716194062671 0.01964468499014053 5.323671010966594 
0.08891603160663734 0.042542258197241264 1.9195340213419647 
0.08521486533756405 0.049694184735310634 2.0511493820083637 
0.010391434857447354 0.009360707719413337 1.892977061015023 
0.007515009022889013 0.06712970782109601 3.1355359113807326 
0.077265846284112 0.08903567655429453 5.2941487461404995 
0.07840505875665019 0.07886956997866829 4.497973886782381 
0.09262251960267387 0.04425802902943019 4.037077043687601 
0.037262077036967614 0.03898415199365067 1.9046770310372672 
0.0038714460612944398 0.015362172102339776 5.550173278010158 
0.07963171157029189 0.09384535681798523 1.9561718475710448 
0.040440490825831205 0.015169210124044562 5.302096834283307 
0.0626695475648449 0.03748462707026892 4.570711732536207 
0.07252366306293562 0.08887953475508488 5.142816785399995 
0.0018116710154650786 0.05211139331595456 4.127454181233081 
0.05376695384648507 0.007771128102455977 3.0781526251376894 
0.03602850359786337 0.03177627825494845 3.0969463429601185 
0.04200508084842354 0.08534979004876926 4.8564580026786786 
0.06236301838161167 0.01970746181881466 2.615468590719756 
0.08224022616494396 0.09321422487432311 0.28917225155765564 
0.00744724494016002 0.07592166024201571 5.544238395456706 
0.06794210421100669 0.05228259113406451 1.960555612413903 
0.059207432005280544 0.0691701851790182 5.045368018003258 
0.07103678062703452 0.08557666044888813 2.6798134634539506 
0.04529030499066082 0.0966843795818823 2.3853015394353787 
0.039770844631745544 0.03640328260065021 5.479254487060883 
0.06547680517432494 0.08108369131839044 3.491517210682698 
0.06794996173628576 0.06419302956775903 3.4733487431478127 
0.08897837182960226 0.016422860266438785 2.2428714342243805 
0.05362716893793094 0.07177405717062418 1.4223842954091641 
0.06147515208121029 0.08295594809837956 5.61525413870369 
0.0684699220906305 0.09319641422802466 2.8519423800195227 
0.017074747208448104 0.011870948876495726 5.257079528181827 
0.08674822904595662 0.07219435456503534 2.3859246814163204 
0.031595946032950635 0.04377205438116074 4.323047791661747 
0.056884384024123734 0.06493634445222984 4.044992546217163 
0.07227658948874738 0.037789722779445846 5.893709887267884 
0.07930012448219555 0.052744867324114396 4.233012691292598 
0.049775092827275144 0.007589764933694298 0.6355989240465909 
0.04471653212218222 0.008701099704278556 1.303176367991358 
0.07750297368518111 0.04774149896703618 3.954783252206384 
0.04826547900118578 0.038057091687459625 2.0843031823898377 
0.06850943513112506 0.07090604465992395 3.8492446020499327 
0.033252079667085196 0.07912791537807763 4.93819594684275 
0.04003442277175808 0.026038667964469644 0.6358775430426118 
0.03238757133958126 0.04624491938425742 2.8338449545449245 
0.06658664525299099 0.0465771017847723 6.1074720362813695 
0.033811420300787806 0.05507499076303368 3.581888675008601 
0.01591002180217957 0.04418017529711176 5.154594930501099 
0.05866945445617055 0.052794780962335024 4.602973309572612 
0.02637303862359767 0.03403584832751785 1.1929275250348448 
0.03619351153714227 0.01473478315918577 0.3788534669649752 
0.02209686617093528 0.058986102439397656 1.6714047435859396 
0.02430011199378534 0.08648929932008527 1.5453769872245782 
0.08875165973823809 0.00120445454925983 3.098266764074689 
0.03746925632698611 0.06538990877339437 2.5570245431570666 
0.02241260840424735 0.07101798807864164 2.746954238199355 
0.07981408051527554 0.0572357004252029 0.9101691583740341 
0.04597161173969994 0.024427868935625638 1.3968728600702183 
0.05084382730484019 0.08537605855821215 1.0887830435369907 
0.06609329536004685 0.05640853987533981 5.365189948148721 
0.07342814464845998 0.05166183828690179 0.2900937623552996 
0.00930053405194544 0.02200580048844042 1.822761480017872 
0.038206268722681534 0.03467315661267293 5.2906653439773645 
0.08545232995952559 0.02064343913552239 1.8170428596506916 
0.09089141827722107 0.09069418357567134 2.0951418739354515 
0.03230092491636589 0.059963342279005856 1.4137483446267283 
0.07178247186419733 0.07971404556343956 4.451034219512308 
0.004654911569840901 0.069353826589567 5.3606774097024035 
0.06673037500098349 0.05883067115543373 4.94711479720249 
0.005485589528199353 0.002370354013309907 3.6179500797129287 
0.04979401599437445 0.08895133309401439 3.1755078932367415 
0.04290585599168531 0.060798002978140434 6.176765144392003 
0.04239647348348493 0.04433814176797038 4.058983256840972 
0.005449097758224493 0.007940946275881159 0.9413555455772975 
0.010656047812604336 0.02357291791317219 1.9757058970515449 
0.03181018602745319 0.07767015811097715 1.2813317432151348 
0.05691171482752026 0.054853016196816734 2.0835352895331054 
0.04316108173549636 0.07175897593779387 1.2558800610509846 
0.0841669720208296 0.02281130287219908 3.9210942891471885 
0.08317339455595653 0.0430385933001218 1.276858989701759 
0.03015398500642634 0.02191137259496904 0.06499525141336707 
0.03746510017357053 0.02980061281569483 1.70954863312299 
0.02075297599290638 0.007216073058785707 3.195622235048316 
0.0018635755545867469 0.025418241381645043 1.28696592635528 
0.07370710401330038 0.02421619511221392 3.7554991323514537 
0.033834202443898995 0.08540256318201217 1.6817424525093942 
0.004453741786269987 0.06067727089955505 2.276949695341194 
0.017606833890731307 0.0237314370834753 5.521480266176345 
