0.109127864
0.109127864
0.50590295
0.58182395
0.6998449
0.7877666
0.84454745
0.8848442
0.9126823
0.9317619
0.94657767
0.95814425
0.9671749
0.9741578
0.97966856
0.98382545
0.98715436
0.98986787
0.99194574
0.99356544
0.99483573
0.99584085
0.99662536
0.9972311
0.9977073
0.99809784
0.99840826
0.9986673
0.9988731
0.999043
0.9991822
0.99929756
0.9993951
0.9994768
0.99954665
0.99960536
0.9996559
0.999699
0.9997365
0.9997692
0.9997973
0.9998219
0.99984336
0.9998623
0.9998787
0.9998932
0.99990636
0.9999169
0.9999272
0.99993616
0.99994355
0.9999507
0.9999563
0.99996203
0.9999667
0.9999706
0.999974
0.99997735
0.99998003
0.9999825
0.9999845
0.99998665
0.9999881
0.99998957
0.9999907
0.999992
0.99999243
0.9999937
0.99999475
0.999995
0.9999958
0.9999961
0.9999971
0.99999696
0.9999974
0.9999983
0.99999845
0.9999981
0.9999979
0.99999833
0.9999988
0.99999917
0.9999993
0.9999992
0.9999994
0.99999946
0.99999946
0.99999946
0.99999946
0.99999964
0.9999993
0.9999995
0.99999964
0.99999964
0.9999998
1.0
1.0
1.0000001
1.0000002
1.0000005
1.0000006
1.0000006
1.0000005
1.0000005
1.0000004
0.99999994
0.99999994
0.9999997
0.9999997
0.99999964
0.9999995
0.99999946
0.9999995
0.9999993
0.9999991
0.9999992
0.9999988
0.9999986
0.99999845
0.99999815
0.9999983
0.9999983
0.9999983
0.9999983
0.99999815
0.9999983
0.9999983
0.9999983
0.99999833
0.9999984
0.9999984
0.99999845
0.9999986
0.9999988
0.999999
0.99999917
0.99999917
0.99999917
0.99999917
0.99999917
0.99999917
0.99999917
0.99999917
0.99999917
0.99999917
0.99999917
0.9999992
0.9999992
0.9999992
0.9999993
0.9999993
0.9999993
0.9999992
0.9999992
0.9999992
0.9999992
0.9999992
0.9999992
0.9999992
0.9999992
0.9999992
0.9999992
0.9999992
0.9999992
0.9999992
0.9999992
0.9999992
0.9999992
0.9999992
0.9999992
0.9999992
0.9999992
0.9999992
0.9999992
0.9999992
0.9999992
0.9999992
0.9999992
0.9999992
0.9999992
0.9999992
0.9999992
0.9999992
0.9999992
0.9999992
0.9999992
0.9999992
0.9999992
0.9999992
0.9999992
0.9999992
0.9999992
0.9999992
0.9999992
0.9999992
0.9999992
0.9999992
0.9999992
0.9999992
0.9999992
0.9999992
0.9999992
0.9999992
0.9999992
0.9999992
0.9999992
0.9999992
0.9999992
0.9999992
0.9999992
0.9999992
0.9999992
0.9999992
0.9999992
0.9999992
0.9999992
0.9999992
0.9999992
0.9999992
0.9999992
0.9999992
0.9999992
0.9999992
0.9999992
0.9999992
0.9999992
0.9999992
0.9999992
0.9999992
0.9999992
0.9999992
0.9999992
0.9999992
0.9999992
0.9999992
0.9999992
0.9999992
0.9999992
0.9999992
0.9999992
0.9999992
0.9999992
0.9999992
0.9999992
0.9999992
0.9999992
0.9999992
0.9999992
0.9999992
0.9999992
