0.024025528
0.024025528
0.2409817
0.34508112
0.44261372
0.5693435
0.649494
0.75882363
0.81874865
0.8589557
0.8920459
0.91501456
0.93281454
0.9479635
0.9589382
0.9676106
0.97436714
0.9796534
0.9839027
0.987275
0.98992413
0.9920172
0.993602
0.99488527
0.9959073
0.9967039
0.9973526
0.99787396
0.9982904
0.9986322
0.99890256
0.99912035
0.9992969
0.99943686
0.9995536
0.999643
0.9997158
0.9997737
0.9998195
0.99985594
0.99988526
0.99990827
0.99992716
0.999942
0.9999537
0.99996316
0.9999707
0.9999768
0.9999813
0.99998546
0.9999885
0.99999046
0.99999255
0.9999942
0.9999953
0.9999964
0.99999696
0.99999785
0.9999981
0.9999984
0.999999
0.9999991
0.9999991
0.9999996
0.9999991
0.9999994
0.99999946
1.0000004
0.9999998
0.9999999
0.9999996
1.0000002
1.0000002
0.9999997
0.9999998
0.9999999
1.0000001
1.0000002
0.9999999
1.0000001
1.0000001
0.9999998
1.0
1.0
1.0
1.0
1.0
1.0000001
1.0000004
1.0000001
0.9999997
0.9999999
1.0
1.0000001
1.0000004
1.0000002
1.0000004
1.0000004
1.0000001
0.9999998
0.99999946
0.9999996
0.9999996
0.9999997
0.9999998
0.9999998
0.9999998
0.9999997
0.9999997
0.9999998
0.9999999
0.9999998
0.9999998
0.9999997
0.99999946
0.9999996
0.99999946
0.9999994
0.99999917
0.99999887
0.9999987
0.9999983
0.9999983
0.99999815
0.9999983
0.9999983
0.9999983
0.9999983
0.9999983
0.9999983
0.9999983
0.9999983
0.9999983
0.99999815
0.99999815
0.999998
0.9999974
0.99999696
0.99999696
0.99999696
0.99999696
0.99999696
0.99999696
0.99999696
0.99999696
0.99999696
0.99999696
0.99999696
0.99999696
0.99999696
0.99999696
0.99999696
0.99999696
0.99999696
0.99999696
0.99999696
0.99999696
0.99999696
0.99999696
0.99999696
0.99999696
0.99999696
0.99999696
0.99999696
0.99999696
0.99999696
0.99999696
0.99999696
0.99999696
0.99999696
0.99999696
0.99999696
0.99999696
0.99999696
0.99999696
0.99999696
0.99999696
0.99999696
0.99999696
0.99999696
0.99999696
0.99999696
0.99999696
0.99999696
0.99999696
0.99999696
0.99999696
0.99999696
0.99999696
0.99999696
0.99999696
0.99999696
0.99999696
0.99999696
0.99999696
0.99999696
0.99999696
0.99999696
0.99999696
0.99999696
0.99999696
0.99999696
0.99999696
0.99999696
0.99999696
0.99999696
0.99999696
0.99999696
0.99999696
0.99999696
0.99999696
0.99999696
0.99999696
0.99999696
0.99999696
0.99999696
0.99999696
0.99999696
0.99999696
0.99999696
0.99999696
0.99999696
0.99999696
0.99999696
0.99999696
0.99999696
0.99999696
0.99999696
0.99999696
0.99999696
0.99999696
0.99999696
0.99999696
0.99999696
0.99999696
0.99999696
0.99999696
0.99999696
0.99999696
0.99999696
0.99999696
0.99999696
0.99999696
0.99999696
0.99999696
0.99999696
0.99999696
0.99999696
0.99999696
0.99999696
