0.03168617
0.03168617
0.41603747
0.6111886
0.70493805
0.7976131
0.8537662
0.88990724
0.9167774
0.9362425
0.95096517
0.9619189
0.97043276
0.9770001
0.98188484
0.9857178
0.98873985
0.99105895
0.99289805
0.9943615
0.9955053
0.99642646
0.99714583
0.9977301
0.9981881
0.99855787
0.9988517
0.9990862
0.999274
0.9994198
0.9995373
0.99963117
0.9997041
0.9997625
0.99981004
0.99984777
0.999878
0.9999017
0.9999202
0.99993545
0.99994695
0.99995774
0.9999657
0.99997216
0.99997675
0.9999815
0.9999853
0.99998754
0.99999
0.99999106
0.99999297
0.9999949
0.99999475
0.99999547
0.9999968
0.9999965
0.9999978
0.99999946
0.999999
0.9999978
0.9999984
0.99999887
0.9999988
0.9999988
0.999999
0.99999887
0.99999917
0.99999946
0.9999998
0.9999997
0.99999964
0.9999997
1.0000001
1.0
0.99999994
1.0
1.0000002
1.0000001
1.0
0.99999964
0.99999946
0.9999995
0.9999995
0.9999997
0.99999994
0.99999976
0.99999964
0.9999991
0.9999992
0.9999994
0.99999964
0.99999946
0.999999
0.9999988
0.99999845
0.9999974
0.9999967
0.9999967
0.9999967
0.9999967
0.9999967
0.9999967
0.9999967
0.9999968
0.9999969
0.9999969
0.9999969
0.9999969
0.9999969
0.99999696
0.9999971
0.9999971
0.999997
0.999997
0.999997
0.999997
0.999997
0.999997
0.999997
0.999997
0.999997
0.999997
0.999997
0.9999971
0.9999971
0.9999971
0.9999971
0.9999972
0.9999972
0.9999972
0.9999972
0.9999972
0.9999971
0.9999971
0.9999971
0.9999971
0.9999971
0.9999971
0.9999971
0.9999971
0.9999971
0.9999971
0.9999971
0.9999971
0.9999971
0.9999971
0.9999971
0.9999971
0.9999971
0.9999971
0.9999971
0.9999971
0.9999971
0.9999971
0.9999971
0.9999971
0.9999972
0.9999972
0.9999972
0.9999972
0.9999972
0.9999972
0.9999972
0.9999972
0.9999972
0.9999972
0.9999972
0.9999972
0.9999972
0.9999972
0.9999972
0.9999972
0.9999972
0.9999972
0.9999972
0.9999972
0.9999972
0.9999972
0.9999972
0.9999972
0.9999972
0.9999972
0.9999972
0.9999972
0.9999972
0.9999972
0.9999972
0.9999972
0.9999972
0.9999972
0.9999972
0.9999972
0.9999972
0.9999972
0.9999972
0.9999972
0.9999972
0.9999972
0.9999972
0.9999972
0.9999972
0.9999972
0.9999972
0.9999972
0.9999972
0.9999972
0.9999972
0.9999972
0.9999972
0.9999972
0.9999972
0.9999972
0.9999972
0.9999972
0.9999972
0.9999972
0.9999972
0.9999972
0.9999972
0.9999972
0.9999972
0.9999972
0.9999972
0.9999972
0.9999972
0.9999972
0.9999972
0.9999972
0.9999972
0.9999972
0.9999972
0.9999972
0.9999972
0.9999972
0.9999972
0.9999972
0.9999972
0.9999972
0.9999972
0.9999972
0.9999972
0.9999972
0.9999972
0.9999972
0.9999972
0.9999972
0.9999972
0.9999972
0.9999972
0.9999972
