0.0246245
0.0246245
0.2294361
0.3112695
0.38656086
0.51560664
0.5834556
0.6372803
0.68649316
0.716428
0.7459899
0.77163374
0.7932273
0.81058264
0.82628304
0.8398473
0.85209167
0.86318415
0.877964
0.88756746
0.8983372
0.90973246
0.92082626
0.9290023
0.93660563
0.9435281
0.94959116
0.95555115
0.96072775
0.96513724
0.9696922
0.9731457
0.9764354
0.9793102
0.9817488
0.98434687
0.9862886
0.9881628
0.9897043
0.9910358
0.9922243
0.9932392
0.9941211
0.99489766
0.9955696
0.9961684
0.9966668
0.9971095
0.9975556
0.99790037
0.99819046
0.9984427
0.9986578
0.99883944
0.99899846
0.9991349
0.99925256
0.9993542
0.9994446
0.9995314
0.99959844
0.99965805
0.9997126
0.9997561
0.9997921
0.99982333
0.99984914
0.99987143
0.9998902
0.9999058
0.99991953
0.99993116
0.9999411
0.9999497
0.9999567
0.9999629
0.99996793
0.9999728
0.9999769
0.99998003
0.99998313
0.99998564
0.99998754
0.99998945
0.99999106
0.999992
0.9999934
0.99999434
0.9999956
0.9999958
0.99999654
0.999997
0.9999975
0.9999978
0.9999981
0.99999857
0.9999988
0.99999887
0.9999991
0.99999917
0.99999917
0.9999994
0.99999964
0.9999993
0.9999997
0.99999964
0.9999995
0.99999976
1.0000001
1.0000001
0.99999964
1.0000001
1.0000001
0.9999998
0.99999976
0.99999976
0.99999976
0.99999964
0.99999994
1.0
0.99999994
1.0
0.99999994
1.0000001
0.99999994
1.0000001
0.9999998
1.0
1.0000002
1.0000001
0.99999994
0.99999994
1.0
1.0000002
1.0000004
0.9999998
1.0000001
1.0000001
1.0000001
1.0
0.9999997
1.0000001
1.0
1.0000001
1.0000001
1.0000002
1.0000001
1.0000002
1.0
1.0
0.99999994
0.9999998
0.99999976
0.9999998
0.99999994
0.9999998
0.9999998
0.99999994
1.0000001
1.0000001
1.0000001
1.0000001
1.0000001
1.0000001
1.0000001
1.0000001
1.0000001
1.0000001
1.0000001
1.0000001
1.0000001
1.0000001
1.0000001
1.0000001
1.0000001
1.0000001
1.0000002
1.0000001
1.0000002
1.0000005
1.0000007
1.0000008
1.000001
1.000001
1.000001
1.000001
1.000001
1.0000011
1.0000011
1.0000011
1.000001
1.000001
1.0000011
1.0000011
1.0000011
1.0000011
1.0000011
1.0000011
1.0000011
1.0000011
1.0000011
1.0000011
1.0000011
1.0000011
1.0000011
1.0000011
1.0000011
1.0000011
1.0000011
1.0000011
1.0000011
1.0000011
1.0000011
1.0000012
1.0000012
1.0000012
1.0000012
1.0000012
1.0000012
1.0000012
1.0000012
1.0000012
1.0000012
1.0000012
1.0000012
1.0000012
1.0000012
1.0000012
1.0000012
1.0000012
1.0000012
1.0000012
1.0000012
1.0000012
1.0000012
1.0000012
1.0000012
1.0000012
1.0000012
1.0000012
1.0000012
1.0000012
1.0000012
1.0000012
1.0000012
1.0000012
1.0000012
1.0000012
1.0000012
1.0000012
