0.05782343
0.05782343
0.30553117
0.4206039
0.49211243
0.5928389
0.6696437
0.7326413
0.7712024
0.8140425
0.8376725
0.870596
0.89058375
0.90707177
0.9213115
0.93569726
0.94290686
0.9514658
0.9599735
0.9638359
0.9684811
0.97459406
0.97603613
0.97973573
0.98101115
0.98263603
0.9832932
0.98512316
0.98515433
0.98626816
0.98621714
0.9863369
0.98646784
0.98764557
0.9874551
0.9885578
0.98852646
0.9890235
0.98899835
0.98835975
0.98853445
0.9893172
0.98927635
0.98931944
0.98949325
0.98917127
0.9891508
0.98925054
0.9897401
0.99005926
0.98952353
0.9897766
0.99033225
0.98945737
0.9892854
0.9898678
0.9890698
0.9892447
0.9901349
0.98927885
0.9895429
0.98964155
0.98954004
0.9899906
0.9899944
0.99074864
0.9897884
0.9894487
0.99019885
0.9895877
0.9893866
0.99011266
0.98998094
0.98870224
0.9893244
0.98905146
0.9889202
0.9906185
0.989406
0.9897879
0.9897616
0.98986405
0.989693
0.99020106
0.98990524
0.9892875
0.9895567
0.98920774
0.9892818
0.98962015
0.9897246
0.9893665
0.9898311
0.98925805
0.9881775
0.9892215
0.98924917
0.99030805
0.989949
0.9892786
0.98977816
0.9891251
0.9899561
0.98986787
0.98894644
0.9888975
0.9900783
0.98964745
0.9902197
0.98931885
0.98971426
0.9893192
0.9898963
0.98996574
0.9887391
0.9893377
0.9900744
0.9899766
0.98975515
0.98986226
0.9893648
0.9892625
0.98911756
0.9903605
0.98953265
0.98982775
0.99004346
0.98971146
0.989536
0.9892094
0.9894392
0.9888668
0.9896793
0.9888096
0.9891409
0.98921615
0.9891941
0.98912436
0.9895556
0.9888926
0.9900649
0.9893203
0.98941666
0.9897158
0.98934126
0.9898562
0.9896933
0.9892275
0.98899287
0.98996806
0.9901012
0.98847216
0.9894153
0.98928154
0.9891039
0.98916864
0.98926246
0.9891565
0.99025124
0.98953927
0.98975664
0.9897876
0.9886851
0.98944587
0.9896471
0.9899919
0.98903054
0.98886216
0.9888676
0.9896534
0.98960906
0.9895706
0.9890988
0.98962945
0.99023277
0.9891259
0.9885659
0.98953676
0.9891129
0.99001944
0.98948485
0.98989815
0.98982644
0.98945266
0.9898164
0.9889233
0.98969406
0.98934203
0.98919815
0.98878497
0.9885148
0.98930717
0.98942184
0.9897199
0.98978734
0.9890597
0.9899655
0.98970866
0.98995435
0.9892531
0.98910654
0.9899655
0.98959374
0.98965454
0.98984146
0.9881089
0.9897058
0.9896093
0.99005455
0.98937345
0.9899895
0.9901452
0.9899322
0.9894753
0.98983335
0.9891965
0.9897659
0.98869807
0.9896455
0.98993635
0.9899373
0.9896515
0.98998284
0.98969793
0.98988605
0.98937196
0.9892601
0.98945093
0.9903502
0.98930097
0.98984724
0.98982245
0.98952436
0.98908025
0.9891644
0.98924917
0.98973346
0.98973733
0.9895746
0.988597
0.9896701
0.9895034
0.9901635
0.98857665
0.98968375
0.98947436
0.9898605
0.9898398
0.989838
0.9890224
