0.042696506
0.042696506
0.3379235
0.4299472
0.56303763
0.6087948
0.6660985
0.73175
0.7801017
0.8109333
0.84246063
0.8731697
0.88776404
0.9033901
0.913962
0.9279499
0.938734
0.9442087
0.9512918
0.9561722
0.9567574
0.96234804
0.9659102
0.97043663
0.9732549
0.97293246
0.9762374
0.978132
0.9776777
0.97963303
0.98150474
0.9816107
0.9850422
0.9862354
0.9877621
0.98703164
0.98783714
0.9872791
0.98887575
0.98748916
0.98689
0.9874208
0.9869172
0.98873085
0.98601604
0.987711
0.9884382
0.98904884
0.98885757
0.98974717
0.989579
0.9890126
0.9887436
0.9901256
0.9893205
0.98823106
0.98814124
0.9900482
0.9870726
0.9885406
0.98891777
0.98895055
0.98850477
0.98894936
0.9888014
0.9905831
0.9893046
0.9889619
0.9891661
0.98918134
0.98907304
0.9883093
0.9898918
0.9884569
0.9896586
0.9903035
0.9888387
0.9876115
0.9893391
0.9890491
0.9880539
0.9889022
0.9895436
0.99024695
0.9899107
0.98916715
0.9886274
0.98965174
0.9901907
0.9893245
0.9895489
0.9893823
0.98989534
0.99078923
0.98890716
0.9894251
0.9873723
0.9894054
0.98943824
0.989932
0.9894515
0.99007195
0.991075
0.99010015
0.98983693
0.9895632
0.98901397
0.988897
0.9902042
0.98976976
0.9908232
0.99019015
0.9893843
0.98853606
0.9900243
0.9892938
0.98948884
0.987884
0.98901206
0.9903061
0.98958635
0.98823816
0.9889441
0.9899354
0.9903438
0.9892753
0.9900739
0.9887415
0.99015856
0.99037886
0.98848325
0.9898196
0.9883025
0.9893116
0.9879398
0.9890529
0.9896496
0.9886199
0.9890298
0.98877853
0.98973775
0.9887033
0.98818797
0.9877894
0.9902392
0.98982763
0.986927
0.9886103
0.98855156
0.9897682
0.9895831
0.99017906
0.99021745
0.9898148
0.9893085
0.98992586
0.9903174
0.98957247
0.9902942
0.99017084
0.98900527
0.9892234
0.9886483
0.9887785
0.98996145
0.9891679
0.9895485
0.9891813
0.98979646
0.9885518
0.9891199
0.99013907
0.9887221
0.9890831
0.9892278
0.9900684
0.988928
0.9890333
0.98951834
0.9881546
0.98762405
0.9887045
0.99003595
0.98938036
0.9897154
0.9904731
0.9889952
0.9893783
0.990212
0.9895294
0.989326
0.9891993
0.9903717
0.98940253
0.9899671
0.99064875
0.9890025
0.98884803
0.9888752
0.9892725
0.9885834
0.9871701
0.9877579
0.98882586
0.98888034
0.98898244
0.9883087
0.9896913
0.987864
0.98964524
0.9881143
0.98959297
0.99025434
0.98970693
0.9886363
0.98957384
0.9896897
0.9875564
0.9895749
0.98936963
0.99008703
0.98914284
0.98830366
0.9888918
0.9899129
0.9890665
0.9883638
0.98807
0.98831147
0.9894711
0.9872333
0.98958236
0.9894204
0.98942596
0.9893813
0.9889181
0.9891543
0.9900601
0.98854333
0.9886363
0.98882806
0.9901789
0.98881036
0.9897915
0.98987937
0.98895764
0.9887219
0.98981935
0.98795706
0.98872995
