0.066496566
0.066496566
0.41025934
0.49642044
0.575292
0.6753543
0.74959886
0.8014338
0.8411156
0.8649075
0.87850535
0.90323263
0.9193099
0.9346107
0.9459141
0.94975173
0.9630896
0.9678984
0.9701569
0.97386706
0.9715555
0.98319745
0.9834553
0.98544014
0.9824699
0.988599
0.98746073
0.98442274
0.98513776
0.98812485
0.98539436
0.98855996
0.9858749
0.9857998
0.986273
0.98621964
0.9886057
0.9847828
0.9851925
0.98311454
0.98711044
0.9858886
0.9866846
0.98533475
0.9867304
0.9881014
0.9873996
0.9874117
0.98806435
0.9882776
0.98893404
0.9880034
0.99057615
0.98707765
0.9889399
0.9871886
0.9891248
0.9891922
0.9884037
0.9891501
0.98841995
0.98787606
0.9883915
0.9866107
0.98902285
0.98796517
0.98968416
0.9871913
0.989178
0.98954463
0.98901606
0.9889667
0.98933357
0.98758286
0.9896084
0.9873278
0.98920786
0.9868658
0.98681396
0.98825324
0.98767555
0.98792595
0.9880166
0.98980844
0.98751307
0.9878589
0.98839206
0.98700523
0.9896034
0.9892328
0.98828393
0.98864824
0.9863488
0.9879597
0.9881973
0.9878101
0.99089086
0.98945516
0.99083465
0.98991233
0.99007165
0.9879079
0.9910156
0.9888556
0.99024874
0.99022233
0.98920393
0.98986834
0.9882
0.9885309
0.9906976
0.98906744
0.9902179
0.98877
0.9912747
0.9909674
0.9893136
0.99075246
0.99004877
0.99006194
0.9895343
0.9884363
0.99059904
0.98845464
0.98888797
0.9859571
0.9876761
0.9894201
0.98866004
0.98985934
0.9898052
0.9890663
0.989357
0.9896104
0.9880012
0.9898712
0.9869745
0.98950005
0.9902836
0.98932844
0.98749113
0.9899696
0.98768836
0.98971057
0.98705137
0.9877162
0.990264
0.9881677
0.988793
0.98754823
0.98890626
0.98739535
0.98893976
0.9887873
0.9895304
0.99025565
0.9871398
0.9865383
0.9895301
0.98824465
0.98930544
0.98952925
0.9887621
0.98768514
0.9887493
0.9879766
0.987791
0.9897531
0.9888617
0.9902243
0.99006927
0.9906748
0.98985916
0.9892659
0.9877312
0.98996574
0.99014723
0.98702574
0.988482
0.9870695
0.9873219
0.98718596
0.9879745
0.9874128
0.9861376
0.9883262
0.98799515
0.98860794
0.9867786
0.98688936
0.9868629
0.98988444
0.98938745
0.9881796
0.9900725
0.98675126
0.9888292
0.98798215
0.99044126
0.991294
0.9880468
0.9889012
0.99047637
0.9904082
0.99035317
0.99025565
0.9898091
0.9888562
0.98921204
0.9885618
0.9887592
0.9884409
0.98912644
0.988508
0.9894267
0.9885594
0.98901993
0.99021184
0.98788667
0.98958784
0.98725325
0.98715436
0.987224
0.98487914
0.98828447
0.9882834
0.98732454
0.98818505
0.9895682
0.98799956
0.9903786
0.9887448
0.99010384
0.9882429
0.98967904
0.9890493
0.98918176
0.9893094
0.9866592
0.990357
0.9882
0.99000776
0.98907256
0.9871671
0.9879055
0.98777413
0.9870848
0.9895786
0.9894444
0.98898375
