0.094448835
0.094448835
0.3718128
0.49320805
0.5739824
0.68380857
0.70937055
0.7338054
0.7856244
0.7901031
0.79247224
0.78392166
0.7760918
0.81076205
0.7835946
0.8011622
0.788514
0.81615156
0.80258036
0.79824525
0.8084893
0.7956338
0.8145335
0.80318624
0.7925955
0.8197626
0.80316734
0.814748
0.8097191
0.8408404
0.82463133
0.83555484
0.81314194
0.8248002
0.8221796
0.8343865
0.81960183
0.825606
0.8093618
0.8164468
0.81517357
0.8181031
0.81974816
0.8084
0.8132918
0.852775
0.83886373
0.8285803
0.834524
0.8371641
0.82137454
0.83080095
0.8255756
0.8065706
0.84219635
0.81252944
0.82879716
0.84987086
0.8259971
0.84537286
0.83522356
0.8437878
0.83774686
0.8477082
0.84373087
0.8430464
0.8310947
0.8553077
0.838948
0.83437395
0.8463758
0.81889236
0.84518886
0.8408548
0.83134353
0.83434236
0.82991946
0.83243865
0.8545468
0.85503286
0.83985794
0.8322814
0.824333
0.82211775
0.83758515
0.8322771
0.8324704
0.83708674
0.8389946
0.84639406
0.8293163
0.8320678
0.84869975
0.8336124
0.8541537
0.83614564
0.8370325
0.8485849
0.8276155
0.8443955
0.82681006
0.8279226
0.8199139
0.8315824
0.8422691
0.8189618
0.8411402
0.83088946
0.8377426
0.8387328
0.83027875
0.84350914
0.81622964
0.8334525
0.85154474
0.8327768
0.84582627
0.8353481
0.83750135
0.8415634
0.8390849
0.83560675
0.8473211
0.82740057
0.81451553
0.824389
0.85283136
0.84726125
0.8211335
0.8470821
0.8535699
0.83475894
0.844055
0.835375
0.83498114
0.8211599
0.8352994
0.8263111
0.8375378
0.8448356
0.8335587
0.8537368
0.85154784
0.8442662
0.86013496
0.8391882
0.8199844
0.8442064
0.84846824
0.8480372
0.83674604
0.8500489
0.8402985
0.83866197
0.8243302
0.83004624
0.8399042
0.8647202
0.83496153
0.8514219
0.8303827
0.8488844
0.8361303
0.8326858
0.83109945
0.84840864
0.83893377
0.8497131
0.84180474
0.84971046
0.83046937
0.8196895
0.8399151
0.8378289
0.84288514
0.8254827
0.8498266
0.8332249
0.8395926
0.8263767
0.84432054
0.82729703
0.8298269
0.8407029
0.8596244
0.8505649
0.8471841
0.8403955
0.8448509
0.8420479
0.82696325
0.8651064
0.83395255
0.8382851
0.8239811
0.8345753
0.8438581
0.83821
0.82749045
0.8403528
0.8446715
0.8374207
0.8385309
0.84285057
0.81941277
0.8167221
0.84832644
0.83109176
0.85235286
0.8139656
0.83340806
0.8471676
0.8357617
0.8394737
0.83062035
0.86161375
0.85710496
0.82015085
0.8382324
0.83696604
0.8698294
0.825158
0.8640177
0.8194155
0.83881193
0.8400753
0.8357377
0.8325034
0.85746825
0.8355522
0.82881147
0.8278909
0.8365305
0.83416903
0.84633577
0.8362258
0.8332151
0.8350843
0.83762217
0.8560981
0.8285566
0.8337896
0.835233
0.86027825
0.83107066
0.83879524
0.83070177
0.8353743
0.81502694
0.8096254
