0.062513135
0.062513135
0.23691592
0.2990721
0.34905857
0.48422763
0.53739256
0.5953972
0.6577091
0.70191103
0.71995187
0.7422733
0.7629959
0.7918365
0.77220935
0.8025929
0.82044435
0.83370453
0.82178766
0.8398098
0.82940614
0.816652
0.84017146
0.83373994
0.84282434
0.81968534
0.83892477
0.82441413
0.84178233
0.8438825
0.835096
0.8444911
0.8300495
0.83628714
0.8226145
0.8315834
0.8458069
0.8373843
0.8489678
0.8346588
0.8284919
0.84290993
0.8380888
0.841934
0.8362685
0.8454387
0.8462957
0.8311223
0.8416494
0.8427483
0.8442263
0.83522683
0.83388543
0.83771217
0.8437176
0.83312196
0.8423664
0.8318482
0.84830666
0.8385553
0.8311763
0.8505752
0.85033196
0.8479283
0.82815397
0.83846945
0.83205134
0.83193505
0.8466913
0.8297499
0.8480064
0.84066844
0.8487574
0.8476754
0.84096825
0.8278202
0.8518428
0.844359
0.8523576
0.8418266
0.8442824
0.8456965
0.83344287
0.82602835
0.85401314
0.8236263
0.8469865
0.82663924
0.8283432
0.8435287
0.8297804
0.8322872
0.84149855
0.8420802
0.8357882
0.83398825
0.8436228
0.8542036
0.8405333
0.8388669
0.83360255
0.8463093
0.8335023
0.8464946
0.84110016
0.84127843
0.83435327
0.8373829
0.82926667
0.8320732
0.83050066
0.8263866
0.8487935
0.84128356
0.849301
0.83942336
0.8421249
0.8573379
0.8404334
0.830589
0.8461034
0.8353438
0.8356345
0.84464395
0.8508334
0.8306894
0.83419985
0.8398042
0.82892
0.8358105
0.83602023
0.8305797
0.84063554
0.8369532
0.8360646
0.8338473
0.83488226
0.8268392
0.81957704
0.83939844
0.83834505
0.8272792
0.8484416
0.84685796
0.8431908
0.8482307
0.83223015
0.8441009
0.8410728
0.8422262
0.84070206
0.8397315
0.8388931
0.83351445
0.83411646
0.8390231
0.8464711
0.83945894
0.84038895
0.83404493
0.84518355
0.8314228
0.83415437
0.84568685
0.8481379
0.82784754
0.8346721
0.84932375
0.822583
0.84331924
0.8300448
0.8452765
0.8406509
0.8394828
0.8339348
0.8427174
0.837344
0.8377892
0.83937
0.84275305
0.8454052
0.8316158
0.8258802
0.83261657
0.8532818
0.835892
0.8302706
0.8300692
0.8421636
0.8474871
0.83509827
0.84103096
0.8329308
0.84331304
0.8525544
0.8493031
0.8394285
0.84928846
0.8442486
0.8453323
0.8418942
0.8283637
0.84074485
0.8508012
0.84309
0.83599573
0.8351689
0.826176
0.8475621
0.8240707
0.82285917
0.8386644
0.8365351
0.8502623
0.84626144
0.8379247
0.83548665
0.82672447
0.84133804
0.83583015
0.8361122
0.84710073
0.8390019
0.84816986
0.83807814
0.8313986
0.8399866
0.843847
0.8409328
0.8526712
0.8292209
0.851945
0.83826184
0.84711766
0.8376162
0.8370241
0.84480387
0.8477533
0.83411103
0.8437181
0.83116907
0.847817
0.8379732
0.82900184
0.84262735
0.84152585
0.83224046
0.8487606
0.841774
0.84248054
