0.12251649
0.12251649
0.27464652
0.44374248
0.595931
0.67366064
0.65552986
0.69322294
0.6923777
0.673691
0.724888
0.7381963
0.73168546
0.7352006
0.7433629
0.75785947
0.7690207
0.7819811
0.7680493
0.78152376
0.75373316
0.769647
0.7842066
0.8082183
0.78086555
0.81580156
0.81517464
0.82112205
0.7995819
0.83062935
0.840422
0.82487464
0.8203025
0.8130103
0.7976159
0.7920064
0.8220108
0.83689165
0.8142176
0.82669693
0.80906755
0.84677315
0.8165379
0.81860673
0.79931563
0.8295242
0.818103
0.8288653
0.8055694
0.8031908
0.80171335
0.7789749
0.8210454
0.83090067
0.859792
0.81677765
0.81788415
0.7931465
0.79383254
0.82603216
0.8308457
0.8327295
0.7981382
0.7822421
0.77903265
0.8043178
0.78973395
0.84273565
0.7951843
0.8382137
0.8315997
0.8623136
0.8390721
0.848127
0.8588478
0.8439449
0.8258751
0.8252143
0.8366285
0.81611913
0.8351862
0.814086
0.8616593
0.8583383
0.8381076
0.87409514
0.82588035
0.8594837
0.8092191
0.85272443
0.84668547
0.8619145
0.83982086
0.8454329
0.85305244
0.8390885
0.8488397
0.8283765
0.8137413
0.8172147
0.8089997
0.80177176
0.8345625
0.803696
0.83511347
0.8127872
0.8529188
0.8095321
0.8384855
0.80028796
0.8391609
0.81305337
0.8378591
0.85262674
0.86377645
0.82296103
0.8183274
0.8293109
0.8467393
0.8540462
0.8614673
0.8339167
0.85216093
0.8549036
0.8288755
0.8429009
0.85152185
0.8345742
0.8371244
0.828018
0.86599785
0.82698417
0.83454955
0.8414838
0.845672
0.87531435
0.8253319
0.8331108
0.83358896
0.82885134
0.81077415
0.81991297
0.8243531
0.8309735
0.8496857
0.84270406
0.81389815
0.83173937
0.8014785
0.8225433
0.8299152
0.83571166
0.8584436
0.83376724
0.83303636
0.83979034
0.7872138
0.79020673
0.84863544
0.80225813
0.8232624
0.7950807
0.798485
0.7961963
0.8649952
0.85758173
0.8292672
0.8246225
0.8290313
0.8427726
0.81098425
0.8391268
0.8416957
0.8563327
0.8449244
0.84163886
0.84354836
0.81504595
0.8280619
0.8424542
0.81704295
0.85044587
0.8279917
0.829567
0.86207175
0.81287503
0.8319918
0.8480897
0.8349593
0.81735307
0.8510829
0.82107234
0.85382533
0.8259332
0.8366871
0.8105938
0.8262334
0.78755087
0.8228717
0.8173668
0.81886274
0.8134073
0.8335968
0.8490101
0.8333745
0.84126955
0.8348742
0.8270639
0.8280121
0.8547639
0.829322
0.82958066
0.82874674
0.8463785
0.84278303
0.8274604
0.8201515
0.83480775
0.81773376
0.8071903
0.83517563
0.8258716
0.82602984
0.84914136
0.8073025
0.8478217
0.8443696
0.8126836
0.8423819
0.83751327
0.87317395
0.8160952
0.8368798
0.8125572
0.7990418
0.8339089
0.8526614
0.8422735
0.86913055
0.85223943
0.83732605
0.83397543
0.82824373
0.82828707
0.8340315
0.8100019
0.83238846
0.8486442
0.83867997
0.84394324
