0.06745302
0.06745302
0.1880242
0.261197
0.3351672
0.39023772
0.3739959
0.42645523
0.44491008
0.4480252
0.5041152
0.5419136
0.5428943
0.5974904
0.6255739
0.63874394
0.68451774
0.6790053
0.71218747
0.71368706
0.7967333
0.76209325
0.79350555
0.7881878
0.7987666
0.8194903
0.80787617
0.80871
0.8159934
0.82032555
0.8051057
0.81907135
0.825341
0.814559
0.84497005
0.83498436
0.83200854
0.82663155
0.83858156
0.8288185
0.82499737
0.839193
0.8256737
0.8233055
0.83350545
0.8525681
0.8200109
0.82766724
0.8203515
0.83119047
0.83072436
0.8259976
0.8401314
0.83698004
0.84378296
0.8265763
0.84169066
0.82882035
0.840188
0.84420097
0.83887374
0.8393905
0.8375524
0.8363906
0.824285
0.82518023
0.8507376
0.8403841
0.84153175
0.8236264
0.821763
0.8510439
0.8351081
0.8171713
0.82010126
0.83633405
0.8333015
0.8224336
0.8361761
0.8427823
0.8256892
0.8282501
0.83337384
0.83114517
0.8404752
0.8398519
0.8538856
0.8345155
0.82657576
0.8247511
0.84003305
0.8268001
0.84689105
0.83786094
0.82956934
0.8524407
0.84974027
0.83323413
0.8298158
0.82810766
0.83147585
0.8341309
0.814546
0.83581746
0.8404333
0.8282481
0.8344119
0.8392485
0.82605743
0.8355352
0.8468831
0.8325321
0.8293993
0.82596225
0.8332497
0.8369312
0.83960813
0.8226424
0.8261531
0.85096955
0.8350726
0.8357161
0.85144484
0.83265656
0.8407856
0.8438836
0.83571815
0.83203316
0.84570247
0.8431998
0.83489025
0.8409578
0.8270731
0.8586688
0.8176334
0.8352291
0.8437502
0.83281124
0.8429614
0.8268823
0.83438736
0.8269683
0.8408175
0.8437389
0.84321237
0.83006334
0.83101183
0.8560394
0.84141517
0.8372019
0.8491655
0.83606297
0.8408547
0.8434361
0.8442551
0.83581406
0.8419937
0.83536655
0.82154316
0.82472515
0.83329684
0.8277451
0.83384585
0.8455563
0.826686
0.8272365
0.8192404
0.83601123
0.8275208
0.8410835
0.84691775
0.8405832
0.83396465
0.84046996
0.83940953
0.834289
0.8444036
0.84826386
0.8374146
0.8402172
0.8415005
0.83499324
0.84901565
0.8388362
0.85093945
0.85412824
0.8367782
0.8425926
0.84776634
0.85385823
0.82580346
0.8378751
0.8457903
0.83097476
0.84938276
0.8393743
0.83489394
0.8453599
0.83406323
0.84044284
0.8522059
0.8439307
0.851338
0.84786624
0.83213353
0.84259707
0.83167744
0.84246796
0.84239805
0.83803946
0.8277642
0.8381329
0.8486533
0.8263307
0.8301162
0.84545934
0.82062083
0.84911764
0.8320713
0.84040576
0.84267694
0.83872074
0.8414652
0.842698
0.8338777
0.8265764
0.8504445
0.83239675
0.83519894
0.83610827
0.8429859
0.838567
0.8247296
0.84329623
0.8192449
0.84269094
0.8300287
0.84112215
0.8412019
0.8400353
0.8390319
0.83723664
0.8454715
0.8496054
0.83795303
0.8311534
0.8378941
0.8481787
0.84332985
0.8423443
