0.12302415
0.12302415
0.4191111
0.6204814
0.79870766
0.8989592
0.966101
0.9811195
0.98876727
0.9913559
0.99290204
0.9941485
0.99501246
0.9958467
0.9967899
0.99711555
0.99779886
0.99804276
0.998436
0.99840564
0.99858195
0.9987731
0.9989695
0.998972
0.999098
0.99906075
0.99923295
0.99924356
0.9993972
0.99931735
0.99942553
0.9994375
0.9994516
0.99944365
0.9993859
0.9994611
0.9994578
0.99952286
0.99954057
0.9995627
0.9995425
0.99954355
0.9995404
0.999587
0.9995891
0.99955285
0.9995813
0.99955505
0.9995569
0.99957675
0.99961966
0.99959326
0.9995477
0.99959123
0.999551
0.9995899
0.9995562
0.9995346
0.99957275
0.9995549
0.9995082
0.9995792
0.9995649
0.9995722
0.99957436
0.9995533
0.999588
0.99954545
0.9995712
0.9995971
0.9995315
0.99962217
0.99960923
0.9995616
0.99952775
0.9995769
0.99957573
0.99954605
0.99957204
0.99957275
0.99954104
0.9995354
0.9995717
0.99961555
0.99957573
0.999587
0.99956125
0.9995921
0.99960494
0.9995902
0.9995939
0.99960935
0.99959975
0.9996269
0.9995668
0.99958056
0.99958235
0.9995706
0.9995531
0.99958986
0.99954396
0.9995372
0.99954915
0.9995422
0.9995698
0.99953425
0.9995533
0.9995687
0.99958336
0.9995623
0.99963593
0.9995743
0.99957824
0.9995929
0.99958014
0.99956685
0.9995697
0.99955577
0.99953574
0.9996122
0.99961054
0.9995889
0.99956495
0.99955314
0.9995619
0.9995334
0.99954325
0.9995904
0.9995393
0.9995899
0.9995479
0.9996168
0.9995536
0.99955255
0.9995692
0.9995517
0.99955666
0.9995629
0.9995565
0.9995459
0.99956214
0.9996003
0.99957436
0.99963546
0.99957305
0.9995673
0.9995834
0.9995358
0.99963033
0.99957955
0.9996077
0.9995603
0.9996136
0.99955016
0.9995551
0.99957496
0.9996479
0.9995605
0.9995954
0.9995842
0.99958456
0.9995414
0.9995811
0.9995134
0.9995591
0.9995547
0.99964213
0.99952614
0.99961686
0.99955076
0.9995813
0.99957275
0.9995518
0.9996157
0.9995145
0.99962324
0.9996079
0.99956465
0.9995848
0.9995548
0.9995375
0.9995284
0.9995344
0.9995523
0.99954844
0.9995757
0.99954206
0.9996158
0.9995618
0.9996152
0.99956465
0.9995885
0.99960756
0.9995681
0.99957716
0.99959517
0.99955726
0.9995758
0.9995873
0.99955803
0.99956113
0.9995433
0.99958086
0.9995423
0.99959826
0.9995513
0.999519
0.9995829
0.99956244
0.99953806
0.99957174
0.99957377
0.999587
0.999583
0.9995575
0.9996168
0.9995543
0.99956167
0.9995809
0.9995923
0.9996106
0.999543
0.9995607
0.9995735
0.9995972
0.99958247
0.9995569
0.9995542
0.9995299
0.9996125
0.99959844
0.99958146
0.99953574
0.9995414
0.9995178
0.9996135
0.9995972
0.9995981
0.9996019
0.9995883
0.9995934
0.9995422
0.9995559
0.999557
0.99957746
0.9995828
0.99958766
0.9995442
0.9995804
0.99959093
