0.10462448
0.10462448
0.4225853
0.5089616
0.54191744
0.5990698
0.6582052
0.6880749
0.7186524
0.7643721
0.79077494
0.817785
0.8383042
0.8572734
0.8725586
0.88656294
0.89668065
0.9079274
0.91668355
0.92588145
0.9335282
0.93961495
0.9485228
0.9524489
0.95854545
0.96211123
0.96634364
0.970416
0.9732053
0.9758353
0.9783151
0.9805088
0.98217463
0.98359025
0.9850679
0.9863311
0.9879249
0.98976046
0.9908161
0.99246615
0.993325
0.9943508
0.9953959
0.99570173
0.9960738
0.997042
0.99707586
0.9973679
0.99804825
0.99809575
0.9984869
0.99866843
0.99892133
0.9991052
0.9992177
0.998919
0.9990227
0.9991982
0.9992926
0.9992163
0.999408
0.9994517
0.99951726
0.9995385
0.99947095
0.9994569
0.9996172
0.99960655
0.99952424
0.9995701
0.9995453
0.99960625
0.9995139
0.99953246
0.99955577
0.9995107
0.99955225
0.99943924
0.99954224
0.99956614
0.99952906
0.9996518
0.99953973
0.9995676
0.999627
0.99955416
0.9996572
0.99962455
0.99955535
0.99959886
0.999514
0.9995133
0.9995633
0.9995424
0.99950445
0.999563
0.99961835
0.9995922
0.9995607
0.99957585
0.99957204
0.99957407
0.99957335
0.9995901
0.9996354
0.99958825
0.9995111
0.99959725
0.9996389
0.99957705
0.9995575
0.99956995
0.99950135
0.99952346
0.99954855
0.999579
0.9995712
0.9995678
0.99956495
0.99962777
0.9995161
0.9994698
0.9994115
0.99950385
0.99951553
0.99948746
0.999557
0.9995408
0.9995427
0.99947006
0.99947196
0.9995514
0.99956113
0.99956805
0.9995537
0.9996098
0.9995316
0.99957037
0.99951905
0.9995125
0.9994978
0.99956995
0.99954504
0.9994927
0.99956274
0.9995363
0.99948585
0.9996017
0.99956375
0.9996049
0.99949324
0.9996052
0.9995932
0.9995616
0.9995791
0.99954444
0.99954903
0.99959785
0.99956536
0.9995251
0.99963087
0.9995709
0.9996485
0.9995459
0.9995534
0.99957377
0.9995491
0.9996208
0.9994766
0.9995313
0.9995678
0.99957544
0.99959916
0.99950635
0.9996182
0.99952614
0.9995646
0.9995644
0.9995346
0.9995671
0.99956214
0.9995891
0.9995848
0.9995501
0.99959826
0.99950427
0.99951744
0.99948555
0.999549
0.99952644
0.9995426
0.99950117
0.9994595
0.99946505
0.9995087
0.9995224
0.99952966
0.9996133
0.9994908
0.99958885
0.9996096
0.9995106
0.99963117
0.99958307
0.99957573
0.99958754
0.9995414
0.9995478
0.99956274
0.9996136
0.99964225
0.99954325
0.9996138
0.99957937
0.999604
0.9995806
0.9995433
0.99955297
0.9994324
0.99946654
0.99950576
0.9995311
0.9995367
0.9995449
0.9995667
0.99960953
0.9995453
0.9995415
0.9995358
0.99959916
0.9995493
0.9996247
0.99953514
0.99955124
0.999523
0.99962234
0.99968034
0.9996147
0.99950546
0.9996059
0.99945617
0.9996223
0.99962395
0.9995414
0.99959403
0.9995816
0.9995791
0.9995474
0.99956894
0.99960005
