0.005387096
0.005387096
0.24403282
0.39030698
0.49940082
0.60208005
0.66993535
0.7263545
0.77583975
0.81422
0.84623384
0.8736964
0.8954595
0.91339
0.92859596
0.9410898
0.9510726
0.95981383
0.9665868
0.9728009
0.97747886
0.9816742
0.98544514
0.98734874
0.9901062
0.9915798
0.9930493
0.9941252
0.9950789
0.99602073
0.996403
0.9971119
0.99766284
0.99793226
0.9981698
0.9985752
0.99870586
0.99887127
0.99905795
0.9991795
0.99924815
0.9992873
0.9992569
0.99938446
0.9994225
0.9994321
0.99945915
0.99948883
0.99950355
0.99951893
0.9994985
0.9995058
0.99952954
0.9995804
0.9995952
0.9996047
0.999565
0.9995487
0.999585
0.9995729
0.9995896
0.9995087
0.9995689
0.99958575
0.9996053
0.9995689
0.9995635
0.99956024
0.99960935
0.99959654
0.9995775
0.9996043
0.99956155
0.9995539
0.99959564
0.99957
0.9995817
0.9995415
0.99956256
0.999568
0.9995556
0.9995807
0.9996027
0.99957246
0.9996107
0.9996142
0.99960035
0.9995667
0.99959576
0.9995347
0.99958587
0.99955386
0.99959433
0.9995824
0.9995683
0.99957174
0.99959165
0.99955696
0.99955016
0.9995984
0.999623
0.9996229
0.9995608
0.99958384
0.9995877
0.9995813
0.99958366
0.99958485
0.9996049
0.9995974
0.9995657
0.9995458
0.9995673
0.99957395
0.99957335
0.99957174
0.9995634
0.9995828
0.9995071
0.99958587
0.9995228
0.9995464
0.999599
0.99954844
0.99953604
0.9995696
0.99956644
0.999563
0.9995704
0.99956065
0.99955565
0.9995732
0.9995589
0.99955994
0.999605
0.99957204
0.9995648
0.9995633
0.9995942
0.99952495
0.9995759
0.99954844
0.9995729
0.99960715
0.9995577
0.9995729
0.9995847
0.9996076
0.99957633
0.9995833
0.9996118
0.9995823
0.9995696
0.9995365
0.9995695
0.9995474
0.99958915
0.99960744
0.9995483
0.9995974
0.9995287
0.99957395
0.99957275
0.9995587
0.99959856
0.99954695
0.9995752
0.99957883
0.9995761
0.99954325
0.9995785
0.9995736
0.999589
0.99954796
0.9995625
0.9995807
0.9996168
0.9995821
0.999581
0.999575
0.99961495
0.99957633
0.99956566
0.9995809
0.99959856
0.99957156
0.9995546
0.99954104
0.99959075
0.9995805
0.9995569
0.9995635
0.9995752
0.9995812
0.9995863
0.9995775
0.9996021
0.99956596
0.9995985
0.9995519
0.9995583
0.9995522
0.9995896
0.9995869
0.9995595
0.99960774
0.9996105
0.99955577
0.99956685
0.9995746
0.9995752
0.99960417
0.9995441
0.99954516
0.99957347
0.99957895
0.9995694
0.9995329
0.9995428
0.9995834
0.99957997
0.99958223
0.9995674
0.99956846
0.9995896
0.99959856
0.99960226
0.99963224
0.99956685
0.99954903
0.99955213
0.99955
0.99957806
0.99957955
0.9995896
0.99959594
0.99957734
0.9995586
0.9995867
0.9995581
0.99953014
0.99956137
0.9995674
0.99954104
0.9995635
0.99957824
0.99957997
0.9995873
0.9995798
0.9995722
