0.027344218
0.027344218
0.15505354
0.2206775
0.33353382
0.46158373
0.5445908
0.62169224
0.68423903
0.7444461
0.79855055
0.8416069
0.8723864
0.8967116
0.91829973
0.93289727
0.9457833
0.95574754
0.96440583
0.9705398
0.97579896
0.9801331
0.98346186
0.9858974
0.98869276
0.99044573
0.99201703
0.9930254
0.9942246
0.99533826
0.99579513
0.9967386
0.99707025
0.9975933
0.997988
0.9982097
0.9984332
0.9986332
0.9988043
0.99902946
0.99915236
0.9991817
0.99929583
0.9992382
0.9993193
0.99937004
0.99940646
0.9994637
0.9995194
0.9994569
0.9994725
0.99950147
0.99951774
0.9995378
0.99954695
0.9995782
0.99955213
0.9995584
0.9996126
0.99959093
0.99957705
0.99958444
0.9995407
0.99958473
0.9995839
0.9995736
0.999593
0.9995611
0.99956286
0.99959505
0.9995584
0.9995431
0.99957085
0.9996014
0.99958974
0.9995861
0.9995916
0.99956185
0.99955857
0.99957746
0.9995565
0.9996022
0.999566
0.9995531
0.9995965
0.9995682
0.999588
0.9995864
0.9995874
0.99960023
0.99958456
0.9995758
0.999576
0.99959075
0.9996065
0.9995973
0.99958754
0.9995709
0.99955565
0.99957186
0.99958014
0.99954873
0.99956995
0.99956787
0.9995558
0.99958146
0.9995911
0.99958277
0.9995932
0.999587
0.9995526
0.9996065
0.9995781
0.9995731
0.9996032
0.9995816
0.999579
0.999561
0.99962103
0.99957174
0.99958
0.99959064
0.99957085
0.99958605
0.9995613
0.99959445
0.9995727
0.99956274
0.9995684
0.999583
0.99959284
0.9995882
0.99958766
0.99957925
0.9995987
0.99956304
0.99956983
0.99954885
0.9995711
0.9995036
0.99958634
0.99955916
0.9996131
0.99957955
0.9995806
0.99959016
0.9995836
0.99959695
0.9996109
0.99959654
0.9995874
0.9995583
0.9995864
0.9995709
0.9995998
0.9995829
0.9995583
0.99958205
0.9995831
0.9995494
0.99957925
0.9995817
0.999575
0.99956965
0.99959344
0.99957436
0.99956596
0.999563
0.99958366
0.9995411
0.99956733
0.9995769
0.9995659
0.9995821
0.9995625
0.99958235
0.9995958
0.9995713
0.99960524
0.9995693
0.99959666
0.9995754
0.9995887
0.9995852
0.9995512
0.999534
0.99955475
0.99957055
0.9995698
0.99954796
0.99956864
0.99955386
0.9995727
0.99956787
0.99962723
0.9995616
0.9995927
0.9995881
0.999584
0.99958205
0.99954873
0.9995907
0.9995643
0.99960524
0.9995793
0.9995515
0.99959785
0.99955785
0.99958885
0.9995839
0.9995637
0.99953675
0.99963206
0.9995924
0.99959886
0.9995859
0.99958533
0.9995738
0.99959433
0.9995577
0.9995601
0.9995728
0.9995694
0.999564
0.99958074
0.9995534
0.9995812
0.9995919
0.9995622
0.9995847
0.9995777
0.9995951
0.9996044
0.99955285
0.9995893
0.9995783
0.99958754
0.9995806
0.9995599
0.9995619
0.99955773
0.9996087
0.9995723
0.99958414
0.9996064
0.9995374
0.99958664
0.9996234
0.9995962
0.99959165
