t0
19.650888186483904 3.4306440833786245 5.099654591400139 
11.302678439496558 7.537834143092033 0.029575422941626885 
5.568339574142693 12.846003705414288 1.8126896917673714 
2.666124810023358 3.275919109145462 0.1603260828730817 
2.638818822304929 8.568044352123128 6.052682626438094 
12.443121695581086 18.770881976517607 5.417460922272959 
7.41741278350724 13.86083381438574 5.008923404882893 
4.551315604691983 10.680856531309697 1.5737137287123568 
19.969420197276754 6.648556576829345 6.012221907334276 
4.651459513805207 13.844221058558695 3.3874692141038176 
13.415642067862173 14.892311275072398 4.37557828519451 
13.924929466296465 4.058894874760015 6.132397346426397 
13.034568151238986 1.5905296437854144 0.15674356038064924 
5.1866888641237345 14.388120031023188 3.4765770263162006 
4.945655184544582 6.445915947575567 1.692418473204536 
9.541863630468592 4.465875380075959 5.34123753291372 
7.859428694192769 18.70584090296586 5.608019898249037 
3.684984291747624 8.484301115642293 2.133017245655442 
16.75062683806315 16.15788503569418 5.146589180798761 
3.502931914403722 17.739392446533635 0.9244704493069007 
16.85159868580883 19.02907871286601 4.10280762407589 
3.08001062932284 12.920071771757742 4.971425625625423 
13.828619206481026 3.993008145566801 4.568729167994002 
19.282941863147997 10.725982609243925 3.9181304195656756 
2.328278505305943 0.961604976291166 4.923856271360637 
16.887348842576802 3.4443933668546967 5.970787655298731 
18.044761987085657 6.259199041824896 4.9749785280891015 
10.391944041726642 15.584434512364043 1.012172996962369 
5.186031600223105 11.49407018785859 0.09859266541998947 
12.080483096043405 17.70302951441487 1.9664917700340339 
17.07924325524047 9.978676975285733 1.7770479368527874 
10.372161519035634 12.023117880596361 2.6584327892204387 
3.109714940856698 17.031366902681093 1.260587908920761 
17.0583441114887 8.34015022349612 5.09722936792863 
1.9044114388131739 7.3904742547447055 3.692000866955661 
12.332814464419307 6.942500031508889 6.274141168822728 
5.260846177598475 5.781409129793092 6.173416845579469 
2.285543566299306 3.21896130729181 0.9487829232707182 
14.193317411975794 7.72033140451573 1.30178795320422 
14.385585021885856 0.339474945291558 0.40228493718855773 
5.126480919457963 13.876511360291321 5.4518113632057545 
15.607425611625185 19.61109919924084 3.396258429331145 
7.449701908483655 4.489831967436899 4.925412744140981 
17.524829591186617 12.518568315806942 1.9069935053879077 
13.079250419064635 16.148380868347306 0.4592126917275566 
3.915744472595828 12.19546080894844 1.1888881774811115 
7.081146387328681 7.821371248812261 0.7665816046430904 
19.952020644837088 1.3734475920713418 0.7444788059642082 
2.7208905201329925 15.201613046428204 1.2040033391914884 
2.3117433673115606 7.638337855687296 2.9900568301977777 
1.0693192990799605 13.443777533591296 5.343414192937177 
3.758522027031661 8.097348709920542 4.1449455926825785 
19.95494183557453 15.54927995454388 3.547783717182645 
0.48109143720691083 18.8402361392992 2.1189707826663664 
19.585299158345595 7.894475612185435 3.501383369157009 
4.343359432260698 18.956077161696626 5.568338530463776 
5.856053402020125 1.7985418296098077 5.95016848592286 
10.081489803649097 14.314475655426868 4.669184782013989 
14.745710258084394 1.4886089401469427 4.16844104348872 
5.442160611408841 12.171735627581752 3.465100300322978 
15.08011340586732 0.9155898707246846 4.4184188299816265 
13.145885626238769 13.259101468819736 2.290685717192805 
18.24090503407504 14.259822934544694 4.770099604550419 
2.4416621323472554 16.523500903706076 2.5460436165544373 
5.3871367728946336 6.493582158966422 0.2695446606376259 
6.006739958068971 12.98810853200236 1.9219306937649396 
7.40093675499782 17.530374801039514 0.45722703027776757 
15.329632529580232 11.248839708532106 3.960773815716263 
9.559651111867133 13.274515362220338 1.1346515593332183 
0.2561256712100257 7.647136039392162 2.9921270364693493 
4.531532042463375 8.735170553522169 3.274456191030825 
11.074152027972108 16.898501331619997 2.2183679097500666 
0.652161122446806 16.060114095375052 2.626057306995615 
19.887588116320018 7.885820579564546 0.4984385780240234 
6.4544093661750646 17.25691716782943 2.639935326491053 
8.49483421626119 14.364378348524252 3.2346230162570953 
12.735475374493818 4.084641882460634 1.4423984894238546 
3.6542303910965357 4.982420696396894 3.640423154507004 
14.064801650716902 14.766665550391927 3.6252125555996155 
0.8732806872618415 14.608078349269267 3.0790601553760792 
0.7866353914004875 18.64540086108733 0.8271646411355 
12.416462908258012 16.26704061329015 1.194922209116046 
19.057370723925207 0.011867033900989643 2.6624468993327977 
2.6405845117524596 7.589978357317609 3.7459530985264795 
12.339211011904464 5.081739909183831 0.7191667810655739 
8.558057046034943 13.466835848538707 0.9331175549889509 
16.501864013728344 2.7477827281743505 4.843992971465628 
1.5604639699158351 9.311887917009438 3.291511809230242 
11.108958365110118 2.3381662510349166 0.04006263923097101 
17.298508361075456 19.937724593277558 4.367515564722163 
6.004256531090137 8.654855753629809 4.282262545807183 
10.140721741443038 3.149212108481887 5.119910033386319 
10.44029540128779 4.284683614691027 0.293090041018475 
4.863784634600863 12.010387927593918 2.6403281554086604 
13.188296625747288 7.408597791142735 6.083895437695131 
7.568910906174522 7.586593498918677 4.552590253894369 
13.424962847268358 1.2446780769033206 0.5246032426873176 
8.463527944496558 11.568358585934389 5.381689115133535 
1.1151790271542539 11.753333592616336 2.288178003193741 
11.269813755647146 14.51872794076586 1.1409048307051934 
