0.051932577
0.051932577
0.2734375
0.22869398
0.260895
0.29027757
0.28761342
0.30091503
0.3100275
0.3175915
0.3423271
0.35977638
0.35509482
0.3923281
0.37774307
0.38488963
0.387187
0.4086252
0.41068447
0.41809222
0.42981547
0.44014886
0.44982335
0.45777372
0.46836784
0.48063254
0.49736968
0.5143936
0.53490156
0.5557703
0.5793789
0.6078478
0.63687015
0.66635484
0.69627565
0.7247009
0.7514537
0.7772482
0.8008733
0.8224765
0.8435347
0.86212295
0.87813723
0.89279103
0.90565455
0.91704094
0.9277218
0.93687636
0.94462174
0.9515635
0.9577242
0.96301377
0.967746
0.97182584
0.9754312
0.97858244
0.9812989
0.98365754
0.9858003
0.9876284
0.98923683
0.990646
0.9918407
0.992901
0.99382365
0.9946152
0.9953047
0.99590296
0.99642545
0.99688095
0.9972825
0.9976259
0.99792916
0.9981951
0.9984217
0.9986188
0.9987959
0.99894685
0.99907845
0.9991938
0.99929535
0.9993872
0.99946624
0.99953437
0.99959433
0.9996468
0.999692
0.9997314
0.9997661
0.9997961
0.99982214
0.9998445
0.9998645
0.9998817
0.9998976
0.99991107
0.99992234
0.99993265
0.99994147
0.99994904
0.99995565
0.9999616
0.99996644
0.9999706
0.99997485
0.9999781
0.9999809
0.9999836
0.9999858
0.99998724
0.9999889
0.9999907
0.9999918
0.99999285
0.9999939
0.9999945
0.9999952
0.9999962
0.9999964
0.9999969
0.9999974
0.9999978
0.9999981
0.99999803
0.99999857
0.99999857
0.99999887
0.9999989
0.99999887
0.99999946
0.9999992
0.9999992
0.9999997
0.99999946
0.9999995
0.9999998
0.99999976
0.99999976
0.99999976
0.99999976
0.99999976
0.99999976
1.0000001
0.99999994
0.9999998
1.0000001
1.0
0.9999998
0.99999994
0.99999976
0.99999976
1.0
0.9999998
1.0
1.0
1.0000001
1.0000001
1.0000001
1.0000001
1.0000001
1.0
0.99999964
0.99999976
1.0
1.0000001
1.0
0.99999994
0.9999995
0.99999976
0.9999998
1.0000001
1.0000001
1.0000004
1.0000001
1.0000001
1.0000001
1.0000001
1.0000001
1.0
1.0000002
1.0000001
1.0
1.0000001
1.0
1.0
1.0
1.0000001
1.0
1.0
0.99999994
0.9999998
0.99999994
0.9999998
0.99999994
0.99999994
0.99999994
0.99999994
0.99999994
0.99999994
0.99999994
0.99999994
0.99999994
0.99999994
0.99999994
0.99999994
0.99999994
0.99999994
0.99999994
0.99999994
0.99999994
0.99999994
0.99999994
0.99999994
0.99999994
0.99999994
0.99999994
0.99999994
0.99999994
0.99999994
0.99999994
0.99999994
0.99999994
0.99999994
0.99999994
0.99999994
0.99999994
0.99999994
0.99999994
0.99999994
0.99999994
0.99999994
0.99999994
0.99999994
0.99999994
1.0
1.0
1.0
1.0
1.0
1.0
1.0
1.0
1.0
1.0
1.0
1.0
1.0
1.0
1.0
1.0
