0.031902812
0.031902812
0.21533467
0.34620342
0.33676484
0.40471527
0.4542342
0.5753706
0.5735681
0.6062161
0.57962114
0.61004984
0.6248144
0.62886024
0.623743
0.6499391
0.6352834
0.6472756
0.63266844
0.6487475
0.6617447
0.6317723
0.66245925
0.6486288
0.61742926
0.6459682
0.6522873
0.6553127
0.6699106
0.64404976
0.6595596
0.66480005
0.65186125
0.6514418
0.6474362
0.6560521
0.6626618
0.67259955
0.65787524
0.65021867
0.6652982
0.66510653
0.65493536
0.65983754
0.67503977
0.6759783
0.6584843
0.6760173
0.64653033
0.6647469
0.6603042
0.6439288
0.6499032
0.64993167
0.6332874
0.6471572
0.6383697
0.661315
0.66720587
0.6994394
0.67627525
0.66434664
0.66519046
0.639002
0.6493451
0.6527274
0.6489959
0.64641625
0.6504125
0.6629762
0.6630173
0.6696699
0.66300774
0.6595762
0.679145
0.664774
0.66413885
0.64631265
0.67380446
0.66174126
0.6464937
0.66184676
0.6281868
0.64860463
0.6722918
0.65662473
0.64105964
0.6708565
0.64831406
0.67173904
0.63298625
0.6720253
0.6539748
0.6610458
0.65785193
0.6502333
0.6510275
0.64380026
0.6609601
0.65667593
0.6708286
0.6625171
0.64994216
0.6677925
0.6379293
0.6476535
0.65326774
0.65462625
0.6649875
0.65445906
0.7122813
0.6576577
0.66265786
0.67078507
0.6539497
0.6563622
0.6741396
0.67010504
0.6238296
0.66320425
0.63808423
0.6470227
0.6448497
0.6495143
0.6488081
0.67087317
0.63709205
0.64189863
0.6528482
0.6536857
0.64638895
0.66253394
0.6755073
0.6355029
0.6415069
0.66318125
0.6571362
0.67217284
0.6681551
0.6761531
0.6660244
0.6579099
0.67970747
0.6605682
0.65549994
0.6769368
0.6526272
0.66959685
0.66686714
0.6569141
0.6614341
0.63396615
0.6680327
0.66541094
0.6429646
0.67424446
0.6359822
0.6572323
0.6712153
0.65474856
0.6593075
0.66766375
0.6798298
0.646616
0.64625305
0.65837616
0.63031167
0.66121995
0.66142184
0.6711448
0.6232186
0.64754134
0.6679807
0.64882857
0.67551404
0.6511767
0.67658186
0.645158
0.6534211
0.7023503
0.6645159
0.6518161
0.6568372
0.6780827
0.67670214
0.66612387
0.6722937
0.6721228
0.6687823
0.6611108
0.6568867
0.6578694
0.6534826
0.6332612
0.66565377
0.6479977
0.677844
0.67328185
0.63271403
0.6520717
0.6692126
0.64262015
0.6568113
0.6415493
0.64131624
0.66282254
0.67914927
0.6552832
0.66136026
0.6665237
0.656419
0.6807256
0.65518576
0.6515634
0.65709615
0.6537503
0.6652838
0.689873
0.6763715
0.67536104
0.6795117
0.6439694
0.647947
0.64649385
0.6539922
0.64582497
0.6433191
0.69847006
0.6512065
0.661428
0.6457607
0.66265893
0.6551355
0.6644213
0.64415556
0.67001754
0.6574124
0.6509479
0.67252547
0.6283874
0.65690386
0.68514466
0.66860414
0.6637518
0.66729856
0.6712402
0.631642
0.6521712
0.69571894
0.65389544
