0.11626711
0.11626711
0.35220632
0.4219727
0.4209914
0.38740402
0.36677516
0.44649574
0.55751914
0.56391835
0.5933459
0.58517545
0.56813115
0.5395541
0.65282714
0.56724274
0.57647234
0.57387966
0.60256004
0.58627206
0.5483152
0.63113546
0.6362671
0.6082251
0.6303444
0.67503214
0.62788033
0.58705175
0.611397
0.57608324
0.5871888
0.49680367
0.6033484
0.558137
0.52191186
0.49788943
0.6931281
0.61044055
0.6585644
0.5957799
0.5742664
0.64675105
0.5985332
0.56092227
0.5987824
0.5837833
0.6032017
0.5799404
0.629845
0.6202337
0.6003716
0.6297631
0.5694949
0.63324076
0.5609848
0.6567579
0.63764304
0.5787519
0.59846646
0.60592234
0.64125746
0.6502129
0.61704826
0.6542095
0.5599904
0.60194135
0.6048844
0.6108341
0.6474119
0.5929869
0.659123
0.57880265
0.58073217
0.6010386
0.55951715
0.5828315
0.6143006
0.6060601
0.5680495
0.6375127
0.58455557
0.6011596
0.62876886
0.59502804
0.61173
0.6541127
0.5780866
0.64944804
0.6730061
0.65971667
0.6514345
0.6580548
0.6202581
0.6222844
0.6335355
0.6763812
0.6467288
0.7177427
0.6515773
0.630064
0.6471103
0.6201346
0.6923325
0.64312655
0.66524214
0.6601709
0.6465068
0.6751022
0.6668932
0.5817117
0.6365099
0.5725798
0.5824805
0.6520876
0.6129825
0.6779564
0.57439554
0.6232324
0.642591
0.61907995
0.6040974
0.6575873
0.6293689
0.7048326
0.66703093
0.61970484
0.64458245
0.6147102
0.5802879
0.6404776
0.5987872
0.6245674
0.62848073
0.5991264
0.624893
0.5966495
0.62446904
0.60857916
0.62993723
0.6471889
0.6329192
0.6662568
0.6170305
0.6475132
0.64649194
0.6789043
0.6503538
0.60164523
0.646164
0.6749531
0.6594183
0.61273265
0.61386025
0.6333721
0.59930485
0.64199275
0.622422
0.6897377
0.6368344
0.6618241
0.6883696
0.6530372
0.65755755
0.6405708
0.61344934
0.63758856
0.67585504
0.6375331
0.6215967
0.6185083
0.6904829
0.6981849
0.6150778
0.6672326
0.65396917
0.67067945
0.67088944
0.6310138
0.6770091
0.6390584
0.6399849
0.63889927
0.6202579
0.64956546
0.63548326
0.639765
0.64986056
0.65588015
0.658489
0.6881223
0.60860014
0.6732894
0.69159853
0.66233057
0.63613737
0.61991197
0.6903761
0.6208954
0.6449707
0.5898702
0.66538763
0.6737428
0.67623115
0.6128881
0.6234744
0.6440624
0.6784279
0.65881675
0.6377371
0.64103055
0.65268546
0.6575274
0.6605405
0.6682156
0.64107734
0.6925428
0.64143527
0.61705196
0.6725261
0.660527
0.6056886
0.67664045
0.7016933
0.6257066
0.699104
0.6570777
0.65755236
0.6450095
0.6565993
0.6368525
0.7055534
0.671423
0.6588932
0.6005612
0.64533925
0.6564106
0.66225624
0.6518315
0.6866539
0.6802657
0.6244943
0.65423197
0.70177835
0.7013567
0.644341
0.6459394
0.5964308
0.5875514
0.6283857
0.6593443
