0.049368285
0.049368285
0.43458134
0.57245755
0.5253553
0.55518466
0.5557677
0.5659577
0.6045184
0.6245586
0.6071296
0.6296713
0.60607314
0.5896159
0.61816645
0.5926284
0.64703965
0.61807394
0.60695827
0.61798877
0.60716254
0.624542
0.63323426
0.62369746
0.5829998
0.6331079
0.6152317
0.61640733
0.68387365
0.62644154
0.6647116
0.6276968
0.6861874
0.6768911
0.6337109
0.69362855
0.6523247
0.64785886
0.64664483
0.63590276
0.6747295
0.6974935
0.6676664
0.6583118
0.63978297
0.6469767
0.6323816
0.6380737
0.6558947
0.63251156
0.6284303
0.6365548
0.61045897
0.6410081
0.6131889
0.62950724
0.64105546
0.5872046
0.6508835
0.64011633
0.66526747
0.66089165
0.6040884
0.61692065
0.65712744
0.6076035
0.6051783
0.5792772
0.65668714
0.61443365
0.6430742
0.6476734
0.62625027
0.65575844
0.6610355
0.65440714
0.67994285
0.6673664
0.66572213
0.65700614
0.6245934
0.64541024
0.5782292
0.6387983
0.67815673
0.62074023
0.61763513
0.64671946
0.5979605
0.6414542
0.6706553
0.64572436
0.6304433
0.67552316
0.66794723
0.7079538
0.67562324
0.6422155
0.69140553
0.67293763
0.6612704
0.61844313
0.6566634
0.65108126
0.64166933
0.6576982
0.6328459
0.6812062
0.6331188
0.5917288
0.66847426
0.62407035
0.6549716
0.6476403
0.6336276
0.68053055
0.6656658
0.64530367
0.7014719
0.61999166
0.6089937
0.68909955
0.6417805
0.6665045
0.660249
0.6215521
0.68047833
0.61613655
0.68132573
0.65149903
0.6677932
0.65823877
0.62007487
0.6683139
0.60647506
0.63413024
0.65187544
0.62810457
0.65385324
0.6379023
0.6543168
0.6878487
0.6903543
0.6697971
0.6513498
0.657223
0.66205686
0.6637058
0.64826393
0.64592624
0.6440315
0.63796866
0.63801366
0.6876362
0.6353099
0.6472662
0.6386577
0.6232197
0.63071406
0.6683345
0.6213746
0.6398473
0.6519318
0.6898783
0.6648096
0.66852134
0.66802144
0.6715105
0.64561355
0.6316392
0.6852
0.65104264
0.64912367
0.6687998
0.67418176
0.6529335
0.67773134
0.60669065
0.6312158
0.6196665
0.63633597
0.6833333
0.6651072
0.65652
0.6710489
0.6342182
0.660421
0.65192604
0.6816342
0.7056817
0.6665932
0.6332078
0.6658781
0.65006834
0.5903484
0.67737234
0.61828595
0.61233306
0.63907963
0.65591186
0.6309029
0.61196566
0.65922666
0.62322783
0.65215987
0.6016232
0.6148843
0.6179962
0.6301769
0.63344115
0.5887216
0.64199656
0.6297694
0.6391191
0.6278706
0.6288418
0.6634974
0.69806695
0.6432223
0.6776592
0.6545996
0.6556487
0.6220231
0.64594054
0.66463435
0.6978714
0.62780833
0.6595223
0.63936216
0.66039115
0.643926
0.62743795
0.6185771
0.61025876
0.61660546
0.5846808
0.66274
0.6581846
0.64637375
0.64047384
0.648785
0.6539735
0.6560277
0.6851646
0.6505355
0.6529855
0.68738395
0.66374755
0.624236
0.65966654
