0.067152165
0.067152165
0.1885584
0.36702475
0.5339178
0.5528604
0.5469782
0.61651415
0.6128601
0.6264918
0.6289005
0.64930063
0.6270545
0.61680156
0.61714333
0.6319705
0.64102745
0.62486005
0.6296697
0.6410934
0.64110994
0.6543095
0.63083464
0.60829324
0.6763945
0.6372407
0.6673604
0.6526513
0.6178515
0.6351451
0.6711345
0.65000886
0.6445352
0.61583555
0.67024857
0.6561736
0.6601469
0.6509629
0.6118746
0.6653088
0.64606947
0.6986481
0.66612566
0.6625312
0.63870895
0.6267601
0.6676846
0.6691015
0.66358185
0.6709029
0.6242036
0.65995836
0.66910285
0.63337654
0.64766395
0.6497209
0.6689348
0.6887821
0.64625686
0.66831553
0.6123378
0.6602524
0.6526664
0.65031123
0.6771153
0.6518839
0.6494333
0.6499753
0.6726748
0.6802179
0.6675207
0.6653924
0.6227529
0.6504285
0.67886364
0.6900677
0.66253924
0.6639684
0.6507817
0.66351855
0.6430784
0.62436384
0.60982686
0.6401268
0.6314848
0.6690329
0.65501904
0.66516095
0.6380217
0.6650649
0.67779005
0.6559672
0.65557414
0.6609117
0.67513686
0.65254855
0.6510746
0.65093255
0.6632165
0.66996044
0.67108446
0.6604791
0.6215116
0.67053777
0.65949064
0.644495
0.6744782
0.66947013
0.6697392
0.6426239
0.6620735
0.682692
0.6695941
0.66621464
0.6496466
0.68130255
0.67547226
0.6753977
0.67273635
0.65568966
0.6595419
0.6689868
0.6751671
0.6667866
0.6541808
0.66847175
0.6904274
0.7042118
0.69175917
0.6769678
0.69628274
0.6543584
0.7124292
0.6441049
0.67937315
0.6950137
0.6777895
0.6986965
0.6900325
0.67890906
0.6629115
0.6605649
0.6742998
0.6893028
0.65173477
0.65864843
0.6765116
0.64516985
0.644505
0.6700441
0.6612131
0.6559978
0.67310506
0.6485749
0.6672424
0.67139775
0.6448915
0.67439026
0.6628659
0.6626214
0.6257661
0.6487782
0.68472964
0.673994
0.66874194
0.65441525
0.6805912
0.6418534
0.68735415
0.6562242
0.6653385
0.6623995
0.65457416
0.6842955
0.6417301
0.6568778
0.6432094
0.6409716
0.6494556
0.6300286
0.65977323
0.6913155
0.6883683
0.66117555
0.6644554
0.67045265
0.67392606
0.67296654
0.6635789
0.65750223
0.63908124
0.6608153
0.6560466
0.6569796
0.6428945
0.6503654
0.68443555
0.6978895
0.6218168
0.6936767
0.6407685
0.6813605
0.67261446
0.649462
0.6516094
0.6276814
0.6315948
0.65158945
0.6746679
0.65120095
0.6410271
0.6503978
0.6612963
0.67243475
0.65321076
0.66052973
0.6619067
0.62075627
0.6247744
0.6252663
0.6357775
0.6351628
0.6366256
0.637906
0.6548783
0.65189
0.68767715
0.63327664
0.64818937
0.65537214
0.63977313
0.64012444
0.63540494
0.65504384
0.6554086
0.66684353
0.6519285
0.6573827
0.662071
0.65836287
0.6187229
0.67238414
0.65080696
0.66933465
0.6604811
0.6686374
0.67133385
0.6754318
0.65418226
0.6964945
